,aptid,qbid,Name,Year,Age,Tm,Pos,No.,G,GS,QBrec,Att,Y/A+,NY/A+,AY/A+,ANY/A+,Cmp%+,TD%+,Int%+,Sack%+,Rate+
0,-566228438,-2036263229,Manning Peyton,2010,34,clt,qb,18,16,16,10-6-0,679,98,107,102,108,118,107,106,129,109
1,-394866964,-2036263229,Manning Peyton,2012,36,den,qb,18,16,16,13-3-0,583,118,123,121,125,127,122,114,124,125
2,-806186554,-2036263229,Manning Peyton,2013,37,den,qb,18,16,16,13-3-0,659,128,135,134,139,125,145,119,130,137
3,1277556686,-2036263229,Manning Peyton,2014,38,den,qb,18,16,16,12-4-0,597,117,125,116,122,115,123,101,127,118
4,-287013210,-2036263229,Manning Peyton,2015,39,den,qb,18,10,9,7-2-0,331,90,96,70,75,88,79,50,111,68
5,1924656079,1800805156,Brees Drew,2010,31,nor,qb,9,16,16,11-5-0,658,99,104,99,103,124,109,95,119,108
6,-1405348854,1800805156,Brees Drew,2011,32,nor,qb,9,16,16,13-3-0,657,125,130,128,132,137,131,111,122,133
7,-2094102569,1800805156,Brees Drew,2012,33,nor,qb,9,16,16,7-9-0,670,112,117,112,116,108,123,99,122,113
8,11004564,1800805156,Brees Drew,2013,34,nor,qb,9,16,16,11-5-0,650,119,119,121,121,127,118,114,108,123
9,-903055854,1800805156,Brees Drew,2014,35,nor,qb,9,16,16,7-9-0,659,108,113,106,109,128,106,99,116,112
10,-1019525959,1800805156,Brees Drew,2015,36,nor,qb,9,15,15,7-8-0,627,114,115,115,116,121,108,112,111,117
11,-909748123,1800805156,Brees Drew,2016,37,nor,qb,9,16,16,7-9-0,673,114,119,112,116,129,113,102,118,118
12,-472753035,1800805156,Brees Drew,2017,38,nor,qb,9,16,16,11-5-0,536,119,124,117,121,131,99,114,120,119
13,-851162915,1800805156,Brees Drew,2018,39,nor,qb,9,15,15,13-2-0,489,119,125,126,131,141,122,122,125,134
14,-92230420,1800805156,Brees Drew,2019,40,nor,qb,9,11,11,8-3-0,378,111,120,123,128,138,127,120,127,134
15,-753739322,1176270634,Bradford Sam,2010,23,ram,qb,8,16,16,7-9-0,590,81,84,87,88,98,86,106,106,92
16,-1240636210,1176270634,Bradford Sam,2011,24,ram,qb,8,10,10,1-9-0,357,79,73,86,82,75,71,119,76,82
17,-128349046,1176270634,Bradford Sam,2012,25,ram,qb,8,16,16,7-8-1,551,92,94,96,97,96,95,107,104,97
18,-263040322,1176270634,Bradford Sam,2013,26,ram,qb,8,7,7,3-4-0,262,83,89,100,102,96,111,119,108,105
19,-874439398,1176270634,Bradford Sam,2015,28,phi,qb,7,14,14,7-7-0,532,95,98,93,95,108,89,96,108,95
20,-886573713,1176270634,Bradford Sam,2016,29,min,qb,8,15,15,7-8-0,552,97,96,105,104,135,91,126,98,115
21,512103363,388933701,Palmer Carson,2010,31,cin,qb,9,16,16,4-12-0,586,95,99,95,97,104,102,94,115,98
22,1526237310,388933701,Palmer Carson,2011,32,rai,qb,3,10,9,4-5-0,328,126,127,104,106,100,96,66,110,95
23,-2129751588,388933701,Palmer Carson,2012,33,rai,qb,3,15,15,4-11-0,565,100,104,100,103,101,95,105,117,100
24,1272902037,388933701,Palmer Carson,2013,34,crd,qb,3,16,16,10-6-0,572,108,105,97,96,106,98,79,98,96
25,-722723150,388933701,Palmer Carson,2014,35,crd,qb,3,6,6,6-0-0,224,102,109,110,114,103,105,121,119,110
26,277789420,388933701,Palmer Carson,2015,36,crd,qb,3,16,16,13-3-0,537,136,138,131,133,103,125,106,113,122
27,-2000328244,388933701,Palmer Carson,2016,37,crd,qb,3,15,15,6-8-1,597,99,98,99,98,93,100,100,98,98
28,-1103330377,388933701,Palmer Carson,2017,38,crd,qb,3,7,7,3-4-0,267,105,100,99,96,93,88,95,90,93
29,145721629,-1367097020,Schaub Matt,2010,29,htx,qb,8,16,16,6-10-0,574,110,110,110,111,109,99,112,107,109
30,-2073432193,-1367097020,Schaub Matt,2011,30,htx,qb,8,10,10,7-3-0,292,128,129,125,126,101,110,113,108,116
31,184322190,-1367097020,Schaub Matt,2012,31,htx,qb,8,16,16,12-4-0,544,105,107,105,107,112,97,109,114,107
32,1433568053,-1367097020,Schaub Matt,2013,32,htx,qb,8,10,8,2-6-0,358,84,87,78,81,98,82,78,107,82
33,-1487475621,-1537761598,Ryan Matt,2010,25,atl,qb,2,16,16,13-3-0,571,90,96,102,105,106,107,119,118,108
34,-1598064027,-1537761598,Ryan Matt,2011,26,atl,qb,2,16,16,10-6-0,566,106,110,110,113,102,109,111,115,110
35,438041840,-1537761598,Ryan Matt,2012,27,atl,qb,2,16,16,13-3-0,615,111,114,112,114,128,110,108,117,117
36,-138446734,-1537761598,Ryan Matt,2013,28,atl,qb,2,16,16,4-12-0,651,95,96,96,96,122,95,100,101,104
37,-956865897,-1537761598,Ryan Matt,2014,29,atl,qb,2,16,16,6-10-0,628,107,110,106,108,115,100,105,113,107
38,-2064514135,-1537761598,Ryan Matt,2015,30,atl,qb,2,16,16,8-8-0,614,107,110,99,102,113,87,96,111,99
39,533320586,-1537761598,Ryan Matt,2016,31,atl,qb,2,16,16,11-5-0,534,148,142,145,141,128,133,119,97,140
40,-1057598666,-1537761598,Ryan Matt,2017,32,atl,qb,2,16,16,10-6-0,529,112,116,106,110,105,93,101,115,102
41,-428831201,-1537761598,Ryan Matt,2018,33,atl,qb,2,16,16,7-9-0,608,118,116,123,121,122,114,120,101,124
42,-1253809875,-1537761598,Ryan Matt,2019,34,atl,qb,2,15,15,7-8-0,616,99,98,99,98,108,96,101,96,101
43,1493655451,-1229183779,Rivers Philip,2010,29,sdg,qb,17,16,16,9-7-0,541,128,125,124,122,117,115,108,97,120
44,1864676530,-1229183779,Rivers Philip,2011,30,sdg,qb,17,16,16,8-8-0,582,117,119,109,110,108,104,90,111,105
45,1470231011,-1229183779,Rivers Philip,2012,31,sdg,qb,17,16,16,7-9-0,527,94,90,97,94,112,107,99,83,104
46,438403824,-1229183779,Rivers Philip,2013,32,sdg,qb,17,16,16,9-7-0,544,126,127,123,124,130,117,111,109,124
47,-1354130585,-1229183779,Rivers Philip,2014,33,sdg,qb,17,16,16,9-7-0,570,108,109,103,105,117,111,90,103,107
48,-1120191738,-1229183779,Rivers Philip,2015,34,sdg,qb,17,16,16,4-12-0,661,101,102,103,104,113,99,108,103,106
49,362451044,-1229183779,Rivers Philip,2016,35,sdg,qb,17,16,16,5-11-0,578,110,111,102,103,91,116,77,102,99
50,955029585,-1229183779,Rivers Philip,2017,36,sdg,qb,17,16,16,9-7-0,575,114,121,114,119,97,105,110,124,108
51,-1479108205,-1229183779,Rivers Philip,2018,37,sdg,qb,17,16,16,12-4-0,508,125,124,122,122,118,120,100,105,120
52,105545099,-1229183779,Rivers Philip,2019,38,sdg,qb,17,16,16,5-11-0,591,110,113,99,101,107,93,83,109,96
53,-1770179022,-1687376776,Manning Eli,2010,29,nyg,qb,10,16,16,10-6-0,539,106,113,99,104,107,117,77,125,102
54,-1939848986,-1687376776,Manning Eli,2011,30,nyg,qb,10,16,16,9-7-0,589,126,128,119,121,101,107,102,114,111
55,503986414,-1687376776,Manning Eli,2012,31,nyg,qb,10,16,16,9-7-0,536,105,112,104,109,97,106,99,125,102
56,1504242706,-1687376776,Manning Eli,2013,32,nyg,qb,10,16,16,7-9-0,551,95,94,80,81,84,87,60,98,77
57,1638125862,-1687376776,Manning Eli,2014,33,nyg,qb,10,16,16,6-10-0,601,103,108,105,108,103,106,104,115,105
58,1068535847,-1687376776,Manning Eli,2015,34,nyg,qb,10,16,16,6-10-0,618,99,106,104,108,99,115,102,115,106
59,-1383931352,-1687376776,Manning Eli,2016,35,nyg,qb,10,16,16,11-5-0,598,91,99,92,97,101,100,94,122,96
60,-509990678,-1687376776,Manning Eli,2017,36,nyg,qb,10,15,15,3-12-0,571,77,83,83,86,94,88,101,109,88
61,-893213305,-1687376776,Manning Eli,2018,37,nyg,qb,10,16,16,5-11-0,576,105,101,104,101,109,91,107,93,103
62,-1286030463,1338077178,Sanchez Mark,2010,24,nyj,qb,6,16,16,11-5-0,507,90,94,94,96,81,90,105,109,90
63,-793655945,1338077178,Sanchez Mark,2011,25,nyj,qb,6,16,16,8-8-0,543,86,86,89,89,86,106,92,96,92
64,2061169351,1338077178,Sanchez Mark,2012,26,nyj,qb,6,15,15,6-9-0,453,84,86,80,81,77,84,80,95,77
65,2004408561,1338077178,Sanchez Mark,2014,28,phi,qb,3,9,8,4-4-0,309,115,111,103,101,107,100,83,96,100
66,277926425,-404672456,Orton Kyle,2010,28,den,qb,8,13,13,3-10-0,498,105,103,108,107,94,97,116,98,104
67,293665416,-404672456,Orton Kyle,2014,32,buf,qb,18,12,12,7-5-0,447,90,90,94,95,108,95,105,96,99
68,-649968630,850228064,Brady Tom,2010,33,nwe,qb,12,16,16,14-2-0,492,115,116,127,128,117,135,129,110,130
69,-1742332683,850228064,Brady Tom,2011,34,nwe,qb,12,16,16,13-3-0,611,130,132,130,132,118,124,114,110,127
70,135168023,850228064,Brady Tom,2012,35,nwe,qb,12,16,16,12-4-0,637,109,114,117,120,108,111,124,119,116
71,-1850875346,850228064,Brady Tom,2013,36,nwe,qb,12,16,16,12-4-0,628,95,97,101,102,96,95,115,103,101
72,1795365497,850228064,Brady Tom,2014,37,nwe,qb,12,16,16,12-4-0,582,97,106,108,113,107,113,117,122,112
73,2098024657,850228064,Brady Tom,2015,38,nwe,qb,12,16,16,12-4-0,624,111,111,119,119,106,116,123,103,119
74,-1367090437,850228064,Brady Tom,2016,39,nwe,qb,12,12,12,11-1-0,432,125,131,133,138,119,125,134,123,133
75,-1864650531,850228064,Brady Tom,2017,40,nwe,qb,12,16,16,13-3-0,581,114,115,118,119,110,112,116,105,117
76,2080259445,850228064,Brady Tom,2018,41,nwe,qb,12,16,16,11-5-0,570,109,116,110,115,109,107,107,123,110
77,87957830,850228064,Brady Tom,2019,42,nwe,qb,12,16,16,12-4-0,613,87,94,95,100,87,93,116,118,95
78,-203527986,1624208002,Henne Chad,2010,25,mia,qb,7,15,14,6-8-0,490,94,96,89,91,103,86,87,103,90
79,1275060659,1624208002,Henne Chad,2012,27,jax,qb,7,10,6,1-5-0,308,93,90,89,87,76,92,87,84,84
80,1630053634,1624208002,Henne Chad,2013,28,jax,qb,7,15,13,4-9-0,503,84,84,84,85,96,79,97,95,86
81,-15425912,82481976,Flacco Joe,2010,25,rav,qb,5,16,16,12-4-0,489,106,101,110,107,106,110,113,90,111
82,2008416928,82481976,Flacco Joe,2011,26,rav,qb,5,16,16,12-4-0,542,91,94,96,98,89,93,110,107,95
83,-952714233,82481976,Flacco Joe,2012,27,rav,qb,5,16,16,10-6-0,531,101,102,105,105,96,98,114,102,103
84,259080521,82481976,Flacco Joe,2013,28,rav,qb,5,16,16,8-8-0,614,82,82,80,80,90,85,83,93,82
85,197739836,82481976,Flacco Joe,2014,29,rav,qb,5,16,16,10-6-0,554,100,107,103,108,99,104,106,123,104
86,-1696648327,82481976,Flacco Joe,2015,30,rav,qb,5,10,10,3-7-0,413,89,96,87,91,106,87,91,118,91
87,-2118693103,82481976,Flacco Joe,2016,31,rav,qb,5,16,16,8-8-0,672,83,88,87,89,109,83,102,112,92
88,-1396604455,82481976,Flacco Joe,2017,32,rav,qb,5,16,16,9-7-0,549,70,77,77,81,103,87,100,112,88
89,-1533887382,82481976,Flacco Joe,2018,33,rav,qb,5,9,9,4-5-0,379,86,95,92,98,91,86,113,119,92
90,1808648547,-1347550939,Rodgers Aaron,2010,27,gnb,qb,12,15,15,10-5-0,475,121,119,120,119,116,119,109,100,119
91,579252043,-1347550939,Rodgers Aaron,2011,28,gnb,qb,12,15,15,14-1-0,502,144,139,150,147,127,153,126,96,149
92,1855619940,-1347550939,Rodgers Aaron,2012,29,gnb,qb,12,16,16,11-5-0,552,113,107,123,118,123,130,121,83,128
93,-1386726937,-1347550939,Rodgers Aaron,2013,30,gnb,qb,12,9,9,6-3-0,290,138,132,130,127,119,117,110,97,124
94,-2039054993,-1347550939,Rodgers Aaron,2014,31,gnb,qb,12,16,16,12-4-0,520,129,129,135,135,113,132,127,110,132
95,-899404474,-1347550939,Rodgers Aaron,2015,32,gnb,qb,12,16,16,10-6-0,572,87,84,102,98,91,112,118,89,105
96,1045215930,-1347550939,Rodgers Aaron,2016,33,gnb,qb,12,16,16,10-6-0,610,103,104,116,116,112,126,122,105,122
97,1660038286,-1347550939,Rodgers Aaron,2017,34,gnb,qb,12,7,7,4-3-0,238,97,90,103,98,105,126,97,84,110
98,333560124,-1347550939,Rodgers Aaron,2018,35,gnb,qb,12,16,16,6-9-1,597,105,101,115,111,95,97,133,93,110
99,-1386124638,-1347550939,Rodgers Aaron,2019,36,gnb,qb,12,16,16,13-3-0,569,95,96,106,106,92,100,126,106,105
100,63072947,-1653268538,Freeman Josh,2010,22,tam,qb,5,16,16,10-6-0,474,104,104,113,113,102,112,123,105,113
101,-1153542214,-1653268538,Freeman Josh,2011,23,tam,qb,5,15,15,4-11-0,551,88,93,82,85,108,84,81,110,87
102,-287829695,-1653268538,Freeman Josh,2012,24,tam,qb,5,16,16,7-9-0,558,103,108,102,105,79,106,95,116,95
103,-1034951681,1965714639,McNabb Donovan,2010,34,was,qb,5,13,13,5-8-0,472,102,98,97,95,92,85,97,92,92
104,2016771885,1965714639,McNabb Donovan,2011,35,min,qb,5,6,6,1-5-0,156,90,82,98,92,99,80,125,75,98
105,-1094057673,65093758,Cassel Matt,2010,28,kan,qb,7,15,15,10-5-0,450,98,99,109,110,92,120,119,106,110
106,485678557,65093758,Cassel Matt,2011,29,kan,qb,7,9,9,4-5-0,269,85,85,86,86,96,94,91,89,90
107,55336869,65093758,Cassel Matt,2012,30,kan,qb,7,9,8,1-7-0,277,87,90,77,80,91,76,74,100,77
108,-1908546001,65093758,Cassel Matt,2013,31,min,qb,16,9,6,3-3-0,254,100,102,94,96,95,99,84,104,93
109,-1123679528,-1429869480,Hasselbeck Matt,2010,35,sea,qb,8,14,14,6-8-0,444,95,96,89,90,98,82,88,100,88
110,-120646617,-1429869480,Hasselbeck Matt,2011,36,oti,qb,8,16,16,9-7-0,518,96,102,96,100,103,91,102,122,97
111,-199670056,-1429869480,Hasselbeck Matt,2012,37,oti,qb,8,8,5,2-3-0,221,81,83,88,89,106,87,108,104,95
112,1098754996,-1429869480,Hasselbeck Matt,2015,40,clt,qb,8,8,8,5-3-0,256,85,88,91,92,92,89,108,101,92
113,589349037,1497878995,Fitzpatrick Ryan,2010,28,buf,qb,14,13,13,4-9-0,441,95,99,97,99,91,111,94,108,98
114,-91065227,1497878995,Fitzpatrick Ryan,2011,29,buf,qb,14,16,16,6-10-0,569,93,100,88,93,105,99,80,120,93
115,-404228283,1497878995,Fitzpatrick Ryan,2012,30,buf,qb,14,16,16,6-10-0,505,92,96,94,96,99,105,93,107,97
116,1290331889,1497878995,Fitzpatrick Ryan,2013,31,oti,qb,4,11,9,3-6-0,350,97,101,92,95,101,96,86,106,94
117,1630222805,1497878995,Fitzpatrick Ryan,2014,32,htx,qb,14,12,12,6-6-0,312,118,119,113,114,103,111,100,100,109
118,49883368,1497878995,Fitzpatrick Ryan,2015,33,nyj,qb,14,16,16,10-6-0,562,94,104,97,104,87,113,95,122,98
119,-725741414,1497878995,Fitzpatrick Ryan,2016,34,nyj,qb,14,14,11,3-8-0,403,90,98,78,83,75,83,66,113,72
120,-1141092619,1497878995,Fitzpatrick Ryan,2018,36,tam,qb,14,8,7,2-5-0,246,148,147,124,125,112,126,58,109,114
121,-875318527,1497878995,Fitzpatrick Ryan,2019,37,mia,qb,14,15,13,5-8-0,502,95,96,93,94,91,94,96,95,92
122,-177265235,1770057479,Cutler Jay,2010,27,chi,qb,6,15,15,10-5-0,432,109,97,104,97,99,112,90,66,103
123,474805153,1770057479,Cutler Jay,2011,28,chi,qb,6,10,10,7-3-0,314,106,103,107,105,91,98,110,95,101
124,-1941862510,1770057479,Cutler Jay,2012,29,chi,qb,6,15,15,10-5-0,434,97,93,96,93,93,101,92,87,95
125,-914270459,1770057479,Cutler Jay,2013,30,chi,qb,6,11,11,5-6-0,355,106,108,101,103,106,111,87,111,103
126,1439743120,1770057479,Cutler Jay,2014,31,chi,qb,6,15,15,5-10-0,561,91,93,92,93,115,106,89,100,100
127,39735512,1770057479,Cutler Jay,2015,32,chi,qb,6,15,15,6-9-0,483,109,111,106,108,106,99,102,103,104
128,-1411846362,1770057479,Cutler Jay,2016,33,chi,qb,6,5,5,1-4-0,137,113,98,96,87,86,83,77,59,85
129,-816371057,1770057479,Cutler Jay,2017,34,mia,qb,6,14,14,6-8-0,429,80,86,81,85,95,100,85,114,88
130,-1623959900,-1749548283,Hill Shaun,2010,30,det,qb,14,11,10,3-7-0,416,89,95,93,96,104,95,101,117,97
131,62243122,-1749548283,Hill Shaun,2014,34,ram,qb,14,9,8,3-5-0,229,101,98,95,93,104,88,91,93,94
132,645699554,766382453,Roethlisberger Ben,2010,28,pit,qb,7,12,12,9-3-0,389,120,114,122,118,103,101,123,89,115
133,1237525272,766382453,Roethlisberger Ben,2011,29,pit,qb,7,15,15,11-4-0,513,117,112,111,109,109,98,101,92,107
134,1696907002,766382453,Roethlisberger Ben,2012,30,pit,qb,7,13,13,7-6-0,449,103,103,111,111,109,116,116,101,114
135,730394011,766382453,Roethlisberger Ben,2013,31,pit,qb,7,16,16,8-8-0,584,104,102,105,104,110,105,104,98,107
136,-1071121756,766382453,Roethlisberger Ben,2014,32,pit,qb,7,16,16,11-5-0,608,122,124,122,124,119,109,118,109,120
137,1884418105,766382453,Roethlisberger Ben,2015,33,pit,qb,7,12,11,7-4-0,469,129,132,111,114,120,100,81,116,107
138,173736002,766382453,Roethlisberger Ben,2016,34,pit,qb,7,14,14,10-4-0,509,108,115,108,112,107,116,96,124,109
139,-1698605195,766382453,Roethlisberger Ben,2017,35,pit,qb,7,15,15,12-3-0,561,108,115,106,111,103,106,97,120,105
140,359952873,766382453,Roethlisberger Ben,2018,36,pit,qb,7,16,16,9-6-1,675,108,115,107,112,113,106,100,124,108
141,-248489069,2111143530,Vick Michael,2010,30,phi,qb,7,12,12,8-3-0,372,118,112,121,117,106,116,119,83,118
142,-443458450,2111143530,Vick Michael,2011,31,phi,qb,7,13,13,7-6-0,423,115,117,106,109,97,100,92,109,100
143,-847248203,2111143530,Vick Michael,2012,32,phi,qb,7,10,10,3-7-0,351,92,92,92,92,91,90,99,92,91
144,1231946671,2111143530,Vick Michael,2013,33,phi,qb,7,7,6,2-4-0,141,135,119,121,113,73,90,109,74,100
145,1349556707,-240298878,Garrard David,2010,32,jax,qb,9,14,14,8-6-0,366,107,100,103,99,112,123,84,84,108
146,-231775879,947900537,Favre Brett,2010,41,min,qb,4,13,13,5-8-0,358,99,100,85,86,100,87,68,103,84
147,-186047462,-245464400,Smith Alex,2010,26,sfo,qb,11,11,10,3-7-0,342,98,98,98,98,97,98,101,95,98
148,-1010484510,-245464400,Smith Alex,2011,27,sfo,qb,11,16,16,13-3-0,445,99,93,108,104,103,95,128,77,108
149,-1500773880,-245464400,Smith Alex,2012,28,sfo,qb,11,10,9,6-2-1,218,117,107,117,111,133,118,108,71,123
150,-825605151,-245464400,Smith Alex,2013,29,kan,qb,11,15,15,11-4-0,508,85,87,100,99,96,102,122,94,103
151,2041242847,-245464400,Smith Alex,2014,30,kan,qb,11,15,15,8-7-0,464,96,92,104,101,112,93,121,81,107
152,1463839808,-245464400,Smith Alex,2015,31,kan,qb,11,16,16,11-5-0,470,105,99,109,104,110,98,116,79,109
153,-1544738786,-245464400,Smith Alex,2016,32,kan,qb,11,15,15,11-4-0,489,100,104,101,104,117,85,113,105,103
154,1703155008,-245464400,Smith Alex,2017,33,kan,qb,11,15,15,9-6-0,505,117,115,121,120,115,108,123,99,120
155,-1544154520,-245464400,Smith Alex,2018,34,was,qb,11,10,10,6-4-0,328,89,92,94,96,96,85,114,102,94
156,-32938102,124617583,Campbell Jason,2010,29,rai,qb,8,13,12,7-5-0,329,103,97,104,100,95,97,107,78,101
157,416798382,124617583,Campbell Jason,2011,30,rai,qb,8,6,6,4-2-0,165,100,110,101,107,100,93,107,127,99
158,-2109793987,124617583,Campbell Jason,2013,32,cle,qb,17,9,8,1-7-0,317,81,89,87,91,82,90,102,113,87
159,445889153,-1233585796,Anderson Derek,2010,27,crd,qb,3,12,9,2-7-0,327,87,86,86,86,71,76,99,93,80
160,1475232570,-1848808404,Kitna Jon,2010,38,dal,qb,3,10,9,4-5-0,318,106,108,102,103,116,109,89,100,106
161,-221681835,-1732958096,Clausen Jimmy,2010,23,car,qb,2,13,10,1-9-0,299,68,63,72,69,74,63,99,72,71
162,-2041251292,436547542,Collins Kerry,2010,38,oti,qb,5,10,7,2-5-0,278,91,95,96,99,90,109,101,113,98
163,-270446972,-1285512837,McCoy Colt,2010,24,cle,qb,12,8,8,2-6-0,222,101,95,91,88,101,82,85,76,89
164,58891958,-1285512837,McCoy Colt,2011,25,cle,qb,12,13,13,4-9-0,463,76,79,84,85,88,86,107,98,87
165,-35493389,1688629730,Romo Tony,2010,30,dal,qb,9,6,6,1-5-0,213,108,115,106,110,128,110,95,123,112
166,479940232,1688629730,Romo Tony,2011,31,dal,qb,9,16,16,8-8-0,522,119,116,122,120,120,119,115,98,123
167,1889444469,1688629730,Romo Tony,2012,32,dal,qb,9,16,16,8-8-0,648,109,110,105,106,117,100,97,109,106
168,1291999873,1688629730,Romo Tony,2013,33,dal,qb,9,15,15,8-7-0,535,100,99,109,108,109,116,113,102,113
169,-1010204932,1688629730,Romo Tony,2014,34,dal,qb,9,15,15,12-3-0,435,131,126,131,128,130,138,108,101,134
170,1584117425,-481190082,Kolb Kevin,2010,26,phi,qb,4,7,5,2-3-0,189,87,86,87,86,101,94,90,91,91
171,-513849089,-481190082,Kolb Kevin,2011,27,crd,qb,4,9,9,3-6-0,253,113,98,104,95,90,92,94,65,95
172,-708565011,-481190082,Kolb Kevin,2012,28,crd,qb,4,6,5,3-2-0,183,85,73,97,88,96,101,118,47,101
173,-70285126,1659604712,Young Vince,2010,27,oti,qb,10,9,8,4-4-0,156,117,112,121,117,97,125,114,89,117
174,-1420771015,-1469818203,Smith Troy,2010,26,sfo,qb,1,6,6,3-3-0,145,118,105,111,103,67,91,103,63,93
175,-362818858,-228175958,Moore Matt,2010,26,car,qb,3,6,5,1-4-0,143,81,78,66,65,83,91,45,84,68
176,-1926424061,-228175958,Moore Matt,2011,27,mia,qb,8,13,12,6-6-0,347,102,94,104,98,100,104,104,74,103
177,1822060749,-950977101,Skelton John,2011,23,crd,qb,19,8,7,5-2-0,275,97,93,84,82,80,97,63,88,80
178,96245885,-950977101,Skelton John,2012,24,crd,qb,19,7,6,1-5-0,201,69,72,63,65,77,64,72,96,63
179,-1425874562,-580681276,Stafford Matthew,2011,23,det,qb,9,16,16,10-6-0,663,110,112,114,115,110,121,107,109,116
180,641050957,-580681276,Stafford Matthew,2012,24,det,qb,9,16,16,4-12-0,727,94,101,95,99,97,83,107,121,93
181,-1949923100,-580681276,Stafford Matthew,2013,25,det,qb,9,16,16,7-9-0,634,105,112,101,106,88,102,94,123,97
182,1969798579,-580681276,Stafford Matthew,2014,26,det,qb,9,16,16,11-5-0,602,97,97,99,99,92,90,110,95,96
183,-2105663022,-580681276,Stafford Matthew,2015,27,det,qb,9,16,16,7-9-0,592,100,98,104,103,117,112,103,93,111
184,798657369,-580681276,Stafford Matthew,2016,28,det,qb,9,16,16,9-7-0,594,103,104,105,106,110,96,112,102,106
185,-644838943,-580681276,Stafford Matthew,2017,29,det,qb,9,16,16,9-7-0,565,114,109,115,111,108,108,110,90,113
186,-1490255330,-580681276,Stafford Matthew,2018,30,det,qb,9,16,16,6-10-0,555,92,93,95,96,110,92,106,99,100
187,1431471917,-580681276,Stafford Matthew,2019,31,det,qb,9,8,8,3-4-1,291,125,124,127,126,100,121,110,107,120
188,1224759035,663761021,Newton Cam,2011,22,car,qb,1,16,16,6-10-0,517,115,112,106,105,98,97,92,99,100
189,-1768741632,663761021,Newton Cam,2012,23,car,qb,1,16,16,7-9-0,485,117,113,111,109,89,96,105,96,101
190,482772758,663761021,Newton Cam,2013,24,car,qb,1,16,16,12-4-0,473,100,92,101,96,100,108,98,85,103
191,-7941063,663761021,Newton Cam,2014,25,car,qb,1,14,14,5-8-1,448,95,89,95,91,85,94,98,89,92
192,-1852370488,663761021,Newton Cam,2015,26,car,qb,1,16,16,15-1-0,495,113,108,119,115,88,132,107,98,115
193,278864677,663761021,Newton Cam,2016,27,car,qb,1,15,14,6-8-0,510,94,91,92,90,61,92,93,96,81
194,-227323830,663761021,Newton Cam,2017,28,car,qb,1,16,16,11-5-0,492,90,90,88,88,85,101,85,98,88
195,1773529870,663761021,Newton Cam,2018,29,car,qb,1,14,14,6-8-0,471,100,101,99,100,117,107,93,106,105
196,1000424614,1476570788,Dalton Andy,2011,24,cin,qb,14,16,16,9-7-0,516,90,95,94,97,91,95,105,114,94
197,1506685151,1476570788,Dalton Andy,2012,25,cin,qb,14,16,16,10-6-0,528,96,95,98,97,105,109,96,87,103
198,1805638784,1476570788,Dalton Andy,2013,26,cin,qb,14,16,16,11-5-0,586,105,109,101,104,101,114,86,113,103
199,326715264,1476570788,Dalton Andy,2014,27,cin,qb,14,16,16,10-5-1,481,97,104,91,95,108,94,83,117,93
200,-657282178,1476570788,Dalton Andy,2015,28,cin,qb,14,13,13,10-3-0,386,129,131,128,130,113,125,111,109,125
201,515473922,1476570788,Dalton Andy,2016,29,cin,qb,14,16,16,6-9-1,563,107,105,107,106,108,86,117,94,104
202,1483358431,1476570788,Dalton Andy,2017,30,cin,qb,14,16,16,7-9-0,496,90,89,95,93,87,107,99,93,96
203,469443862,1476570788,Dalton Andy,2018,31,cin,qb,14,11,11,5-6-0,365,97,99,97,99,94,114,89,109,99
204,-2048303940,1476570788,Dalton Andy,2019,32,cin,qb,14,13,13,2-11-0,528,87,89,84,86,82,83,95,101,82
205,-1229358843,190205551,Grossman Rex,2011,31,was,qb,8,13,13,5-8-0,458,96,97,86,87,90,91,75,108,84
206,1694898305,-1979381499,Jackson Tarvaris,2011,28,sea,qb,7,15,14,7-7-0,450,95,89,94,89,99,87,99,81,93
207,912928942,-1146984473,Gabbert Blaine,2011,22,jax,qb,11,15,14,4-10-0,413,65,61,75,71,66,84,103,79,75
208,-1324296305,-1146984473,Gabbert Blaine,2012,23,jax,qb,11,10,10,1-9-0,278,76,77,86,85,91,88,110,92,90
209,-1833643243,-1146984473,Gabbert Blaine,2015,26,sfo,qb,2,8,8,3-5-0,282,100,93,97,92,101,89,98,84,95
210,1567812692,-1146984473,Gabbert Blaine,2016,27,sfo,qb,2,6,5,1-4-0,160,69,74,68,71,77,85,75,97,71
211,-1890907581,-1146984473,Gabbert Blaine,2017,28,crd,qb,7,5,5,2-3-0,171,83,71,79,72,72,90,81,59,76
212,-866538336,1562025141,Ponder Christian,2011,23,min,qb,7,11,10,2-8-0,291,85,81,81,79,78,102,73,75,81
213,1058205462,1562025141,Ponder Christian,2012,24,min,qb,7,16,16,10-6-0,483,78,83,87,89,105,94,105,102,95
214,-1132427359,1562025141,Ponder Christian,2013,25,min,qb,7,9,9,2-6-1,239,94,89,86,84,108,83,80,70,88
215,308490854,-2022053111,Tebow Tim,2011,24,den,qb,15,14,11,7-4-0,271,86,75,95,87,50,102,110,62,85
216,1760495514,-1615191615,Painter Curtis,2011,26,clt,qb,7,9,8,0-8-0,243,85,86,80,81,78,79,86,100,77
217,1561375196,2006213299,Orlovsky Dan,2011,28,clt,qb,6,8,5,2-3-0,193,82,83,90,90,109,87,112,96,97
218,-1384372606,-727174483,Luck Andrew,2012,23,clt,qb,12,16,16,11-5-0,627,97,99,96,97,76,93,98,102,89
219,-856906739,-727174483,Luck Andrew,2013,24,clt,qb,12,16,16,11-5-0,570,90,94,100,101,95,96,118,109,100
220,-283077395,-727174483,Luck Andrew,2014,25,clt,qb,12,16,16,11-5-0,616,113,118,113,116,97,123,99,117,111
221,1830857064,-727174483,Luck Andrew,2015,26,clt,qb,12,7,7,2-5-0,293,81,87,79,82,69,108,69,109,79
222,-2104374607,-727174483,Luck Andrew,2016,27,clt,qb,12,15,15,8-7-0,545,115,110,113,110,103,116,99,92,111
223,-366881581,-727174483,Luck Andrew,2018,29,clt,qb,12,16,16,10-6-0,639,100,109,104,111,114,117,100,129,111
224,1311317725,-1852919812,Weeden Brandon,2012,29,cle,qb,3,15,15,5-10-0,517,88,93,86,89,88,82,91,110,84
225,-485830047,-1852919812,Weeden Brandon,2013,30,cle,qb,3,8,5,0-5-0,267,84,79,84,80,66,88,87,78,78
226,-426230586,-1153590125,Tannehill Ryan,2012,24,mia,qb,17,16,16,7-9-0,484,93,93,92,92,91,80,101,97,89
227,2081244773,-1153590125,Tannehill Ryan,2013,25,mia,qb,17,16,16,8-8-0,588,89,82,91,87,95,96,95,79,93
228,-1790977454,-1153590125,Tannehill Ryan,2014,26,mia,qb,17,16,16,8-8-0,590,92,89,99,96,116,101,109,93,106
229,227148779,-1153590125,Tannehill Ryan,2015,27,mia,qb,17,16,16,6-10-0,586,99,91,101,96,96,96,106,92,99
230,206992073,-1153590125,Tannehill Ryan,2016,28,mia,qb,17,13,13,8-5-0,389,113,107,105,102,117,106,87,93,107
231,-225547452,-1153590125,Tannehill Ryan,2018,30,mia,qb,17,11,11,5-6-0,274,100,85,99,89,103,118,85,64,103
232,-1957567716,-1153590125,Tannehill Ryan,2019,31,oti,qb,17,12,10,7-3-0,286,145,130,142,131,123,133,104,77,135
233,1360796544,-699196471,Griffin Robert,2012,22,was,qb,10,15,15,9-6-0,393,121,115,123,120,117,109,124,94,121
234,844565148,-699196471,Griffin Robert,2013,23,was,qb,10,13,13,3-10-0,456,97,93,96,93,94,90,100,90,94
235,-1207334424,-699196471,Griffin Robert,2014,24,was,qb,10,9,7,2-5-0,214,117,92,101,87,125,70,96,46,98
236,871143230,-699196471,Griffin Robert,2016,26,cle,qb,10,5,5,1-4-0,147,74,59,78,67,86,64,106,42,77
237,941971644,-1576629714,Wilson Russell,2012,24,sea,qb,3,16,16,11-5-0,393,116,111,117,114,112,125,104,89,118
238,392795152,-1576629714,Wilson Russell,2013,25,sea,qb,3,16,16,13-3-0,407,127,112,124,115,106,123,107,73,119
239,-1201958768,-1576629714,Wilson Russell,2014,26,sea,qb,3,16,16,12-4-0,452,112,105,113,109,103,99,117,84,109
240,345892721,-1576629714,Wilson Russell,2015,27,sea,qb,3,16,16,10-6-0,483,127,117,130,123,121,132,113,81,131
241,1849632805,-1576629714,Wilson Russell,2016,28,sea,qb,3,16,16,10-5-1,546,113,108,109,106,108,94,106,93,105
242,-1207288848,-1576629714,Wilson Russell,2017,29,sea,qb,3,16,16,9-7-0,553,100,97,107,104,93,119,106,93,108
243,-1674954079,-1576629714,Wilson Russell,2018,30,sea,qb,3,16,16,10-6-0,427,117,103,126,115,108,140,112,69,128
244,805841854,-1576629714,Wilson Russell,2019,31,sea,qb,3,16,16,11-5-0,516,113,107,122,116,107,115,122,87,120
245,787990015,1132117231,Locker Jake,2012,24,oti,qb,10,11,11,4-7-0,314,96,95,90,90,85,88,88,92,86
246,-1230653698,1132117231,Locker Jake,2013,25,oti,qb,10,7,7,4-3-0,183,94,90,99,96,96,100,108,87,100
247,-1889451201,1132117231,Locker Jake,2014,26,oti,qb,10,7,5,1-4-0,146,91,86,77,76,86,88,62,82,76
248,979552597,-1457882352,Foles Nick,2012,23,phi,qb,9,7,6,1-5-0,265,85,86,91,90,100,77,114,95,92
249,896024638,-1457882352,Foles Nick,2013,24,phi,qb,9,13,10,8-2-0,317,147,135,151,143,109,147,135,86,142
250,988877327,-1457882352,Foles Nick,2014,25,phi,qb,9,8,8,6-2-0,311,94,104,92,98,90,96,89,127,91
251,-1781069703,-1457882352,Foles Nick,2015,26,ram,qb,5,11,11,4-7-0,337,73,81,72,77,74,71,89,116,70
252,-1300270516,-1457882352,Foles Nick,2018,29,phi,qb,9,5,5,4-1-0,195,101,108,100,105,133,90,105,117,108
253,194086710,1884505392,Kaepernick Colin,2012,25,sfo,qb,7,13,7,5-2-0,218,124,119,124,121,106,103,122,96,116
254,-1285173191,1884505392,Kaepernick Colin,2013,26,sfo,qb,7,16,16,12-4-0,416,113,105,114,109,88,107,112,83,106
255,-1237215185,1884505392,Kaepernick Colin,2014,27,sfo,qb,7,16,16,8-8-0,478,97,87,99,93,93,94,108,74,97
256,-452953433,1884505392,Kaepernick Colin,2015,28,sfo,qb,7,9,8,2-6-0,244,86,76,87,81,84,76,106,66,84
257,-295199678,1884505392,Kaepernick Colin,2016,29,sfo,qb,7,12,11,1-10-0,331,91,83,103,97,86,105,120,69,103
258,1684585909,-2032470821,Quinn Brady,2012,28,kan,qb,9,10,8,1-7-0,197,73,70,67,66,86,64,79,74,69
259,-1979344040,-2013052061,Lindley Ryan,2012,23,crd,qb,14,6,4,1-3-0,171,44,50,47,50,69,53,78,99,53
260,-1612124039,107076031,Smith Geno,2013,23,nyj,qb,7,16,16,8-8-0,443,94,86,79,76,78,81,63,80,73
261,693359960,107076031,Smith Geno,2014,24,nyj,qb,7,14,13,3-10-0,367,93,92,87,87,89,89,83,94,85
262,352967102,411211757,Glennon Mike,2013,24,tam,qb,8,13,13,4-9-0,416,79,74,91,87,91,102,108,81,96
263,2137891473,411211757,Glennon Mike,2014,25,tam,qb,8,6,5,1-4-0,203,95,94,96,95,81,105,93,93,93
264,-577733787,-1871021679,Manuel EJ,2013,23,buf,qb,3,10,10,4-6-0,306,84,82,86,85,89,91,95,84,88
265,5839521,-480938147,Pryor Terrelle,2013,24,rai,qb,2,11,9,3-6-0,272,88,79,79,75,84,79,75,70,77
266,1156939779,1514315628,Keenum Case,2013,25,htx,qb,7,8,8,0-8-0,253,96,89,97,92,72,91,105,95,89
267,2128580705,1514315628,Keenum Case,2015,27,ram,qb,17,6,5,3-2-0,125,86,96,98,104,92,85,129,123,97
268,-1160780369,1514315628,Keenum Case,2016,28,ram,qb,17,10,9,4-5-0,322,93,93,84,85,93,81,81,95,82
269,-1180254259,1514315628,Keenum Case,2017,29,min,qb,7,15,14,11-3-0,481,104,109,108,112,115,102,115,114,111
270,-2125844759,1514315628,Keenum Case,2018,30,den,qb,4,16,16,6-10-0,586,89,93,87,90,95,85,97,109,88
271,1346136150,-937112183,Clemens Kellen,2013,30,ram,qb,10,10,9,4-5-0,242,95,91,92,90,89,88,95,87,89
272,398317172,792233094,McCown Josh,2013,34,chi,qb,12,8,5,3-2-0,224,125,129,132,134,119,116,138,114,129
273,-718328677,792233094,McCown Josh,2014,35,tam,qb,12,11,11,1-10-0,327,89,81,80,76,76,87,71,73,76
274,-2139833985,792233094,McCown Josh,2015,36,cle,qb,13,8,8,1-7-0,292,100,97,106,104,103,96,119,90,106
275,1498717395,792233094,McCown Josh,2017,38,nyj,qb,15,13,13,5-8-0,397,104,96,103,98,114,101,101,80,106
276,-295529847,1703475469,McGloin Matt,2013,24,rai,qb,14,7,6,1-5-0,211,105,113,94,100,78,93,80,129,86
277,2069579772,1323375300,Lewis Thaddeus,2013,28,buf,qb,9,6,5,2-3-0,157,96,87,97,92,91,79,113,69,92
278,1738058282,1311559205,Carr Derek,2014,23,rai,qb,4,16,16,3-13-0,599,59,72,77,83,83,89,109,119,84
279,659182347,1311559205,Carr Derek,2015,24,rai,qb,4,16,16,7-9-0,573,94,96,100,102,93,114,102,107,103
280,720663072,1311559205,Carr Derek,2016,25,rai,qb,4,15,15,12-3-0,560,97,108,108,115,104,107,123,127,111
281,-74900430,1311559205,Carr Derek,2017,26,rai,qb,4,15,15,6-9-0,515,92,101,93,99,98,98,97,119,95
282,2050042576,1311559205,Carr Derek,2018,27,rai,qb,4,16,16,4-12-0,553,102,99,102,99,120,89,109,86,105
283,509754842,1311559205,Carr Derek,2019,28,rai,qb,4,16,16,7-9-0,513,112,115,112,114,123,95,112,110,112
284,-125234637,-108045714,Bortles Blake,2014,22,jax,qb,5,14,13,3-10-0,475,75,68,73,69,87,75,82,69,74
285,-1306303226,-108045714,Bortles Blake,2015,23,jax,qb,5,16,16,5-11-0,606,102,97,102,98,83,116,89,87,98
286,-1658483023,-108045714,Bortles Blake,2016,24,jax,qb,5,16,16,3-13-0,625,79,85,84,87,85,92,96,108,86
287,-638451027,-108045714,Bortles Blake,2017,25,jax,qb,5,16,16,10-6-0,523,97,104,96,101,89,96,98,114,93
288,-1593673408,-108045714,Bortles Blake,2018,26,jax,qb,5,13,12,3-9-0,403,91,92,88,89,88,87,94,96,86
289,-164743534,336656457,Hoyer Brian,2014,29,cle,qb,6,14,13,7-6-0,438,109,111,98,100,72,80,93,109,84
290,-252670430,336656457,Hoyer Brian,2015,30,htx,qb,7,11,9,5-4-0,369,97,95,103,102,91,109,109,98,103
291,1427757092,336656457,Hoyer Brian,2016,31,chi,qb,2,6,5,1-4-0,200,102,115,112,121,117,84,142,134,113
292,-1708461716,1151069139,Bridgewater Teddy,2014,22,min,qb,5,13,12,6-6-0,402,102,94,95,91,108,88,93,81,96
293,-1787598121,1151069139,Bridgewater Teddy,2015,23,min,qb,5,16,16,11-5-0,447,101,90,99,92,110,84,107,77,99
294,1698350714,1151069139,Bridgewater Teddy,2019,27,nor,qb,5,9,5,5-0-0,196,96,98,105,106,114,100,121,107,110
295,-1567984538,-713383770,Davis Austin,2014,25,ram,qb,9,10,8,3-5-0,284,96,89,93,89,104,97,89,78,96
296,836272940,1180508356,Stanton Drew,2014,30,crd,qb,5,9,8,5-3-0,240,98,105,98,102,71,82,108,115,87
297,-614952642,1067959648,Cousins Kirk,2014,26,was,qb,8,6,5,1-4-0,204,128,130,106,109,98,105,68,120,97
298,-1097041542,1067959648,Cousins Kirk,2015,27,was,qb,8,16,16,9-7-0,543,111,114,112,114,128,111,107,112,118
299,1417973065,1067959648,Cousins Kirk,2016,28,was,qb,8,16,16,8-7-1,606,122,126,115,119,117,97,107,120,112
300,609856018,1067959648,Cousins Kirk,2017,29,was,qb,8,16,16,7-9-0,540,108,103,107,103,103,107,99,94,105
301,-1829670862,1067959648,Cousins Kirk,2018,30,min,qb,8,16,16,8-7-1,606,98,99,104,105,125,105,112,103,113
302,-637719391,1067959648,Cousins Kirk,2019,31,min,qb,8,15,15,10-5-0,444,116,116,121,120,119,114,116,106,121
303,594427003,-1901566010,Whitehurst Charlie,2014,32,oti,qb,12,7,5,1-4-0,185,99,94,107,102,78,92,125,81,99
304,-925980769,725298360,Mettenberger Zach,2014,23,oti,qb,7,7,6,0-6-0,179,116,103,101,94,90,100,77,79,93
305,-1487542223,725298360,Mettenberger Zach,2015,24,oti,qb,7,7,4,0-4-0,166,62,61,58,57,92,75,67,90,66
306,1576800172,705292881,Winston Jameis,2015,21,tam,qb,3,16,16,6-10-0,535,108,111,101,103,82,96,93,110,92
307,-811615190,705292881,Winston Jameis,2016,22,tam,qb,3,16,16,9-7-0,567,102,102,97,98,92,107,85,102,96
308,-187829913,705292881,Winston Jameis,2017,23,tam,qb,3,13,13,3-10-0,442,115,112,109,107,102,99,98,95,103
309,250295177,705292881,Winston Jameis,2018,24,tam,qb,3,11,9,3-6-0,378,114,113,103,103,104,106,78,100,100
310,-586217936,705292881,Winston Jameis,2019,25,tam,qb,3,16,16,7-9-0,626,117,115,99,99,87,107,60,98,90
311,-2050331475,524075261,Taylor Tyrod,2015,26,buf,qb,5,14,14,7-6-0,380,119,109,120,113,103,110,115,79,115
312,-1556784004,524075261,Taylor Tyrod,2016,27,buf,qb,5,15,15,7-8-0,436,95,92,102,99,96,94,117,78,101
313,767816350,524075261,Taylor Tyrod,2017,28,buf,qb,5,15,14,8-6-0,420,89,83,99,94,97,88,124,74,99
314,1889711026,24640782,Mariota Marcus,2015,22,oti,qb,8,12,12,3-9-0,370,110,98,106,98,97,108,94,74,103
315,407738525,24640782,Mariota Marcus,2016,23,oti,qb,8,15,15,8-7-0,451,110,113,113,114,94,117,106,110,110
316,1875667662,24640782,Mariota Marcus,2017,24,oti,qb,8,15,15,9-6-0,453,99,101,89,91,95,83,84,105,86
317,-1041927448,24640782,Mariota Marcus,2018,25,oti,qb,8,14,13,7-6-0,331,109,97,102,95,120,88,99,65,103
318,-1113811365,24640782,Mariota Marcus,2019,26,oti,qb,8,7,6,2-4-0,160,104,87,109,95,82,98,117,50,101
319,274480212,1558121651,Osweiler Brock,2015,25,den,qb,17,8,7,5-2-0,275,99,94,98,95,96,90,104,87,96
320,981724408,1558121651,Osweiler Brock,2016,26,htx,qb,17,15,14,8-6-0,510,69,74,72,74,85,83,86,109,76
321,803784721,1558121651,Osweiler Brock,2018,28,mia,qb,8,7,5,2-3-0,178,96,90,95,91,100,88,102,84,95
322,-601502006,-880200100,Manziel Johnny,2015,23,cle,qb,2,9,6,2-4-0,223,88,83,90,86,80,84,103,86,85
323,-236353480,-171197555,Wentz Carson,2016,24,phi,qb,11,16,16,7-9-0,607,79,84,82,85,99,79,101,108,86
324,-294603856,-171197555,Wentz Carson,2017,25,phi,qb,11,13,13,11-2-0,440,106,107,117,117,89,134,113,102,116
325,-1424511764,-171197555,Wentz Carson,2018,26,phi,qb,11,11,11,5-6-0,401,109,107,112,110,123,108,110,96,116
326,956284854,-171197555,Wentz Carson,2019,27,phi,qb,11,16,16,9-7-0,607,88,92,98,100,99,99,119,107,102
327,-1255894897,106325641,Siemian Trevor,2016,25,den,qb,13,14,14,8-6-0,486,97,98,98,99,87,92,105,101,94
328,1244675818,106325641,Siemian Trevor,2017,26,den,qb,13,11,10,5-5-0,349,87,82,79,76,84,89,72,83,78
329,29142465,-1300153260,Prescott Dak,2016,23,dal,qb,4,16,16,13-3-0,459,119,121,123,125,120,108,127,108,123
330,-1794247629,-1300153260,Prescott Dak,2017,24,dal,qb,4,16,16,9-7-0,490,92,94,93,94,98,101,95,101,96
331,1762189324,-1300153260,Prescott Dak,2018,25,dal,qb,4,16,16,10-6-0,526,104,96,107,101,116,97,114,77,109
332,-1377409523,-1300153260,Prescott Dak,2019,26,dal,qb,4,16,16,8-8-0,596,118,125,117,122,103,105,108,122,111
333,-1593344522,524067814,Barkley Matt,2016,26,chi,qb,12,7,6,1-5-0,216,107,116,76,83,88,92,26,128,70
334,603647142,614947648,Goff Jared,2016,22,ram,qb,16,7,7,0-7-0,205,58,45,62,52,68,77,81,57,64
335,718927685,614947648,Goff Jared,2017,23,ram,qb,16,15,15,11-4-0,477,116,118,120,121,95,116,115,110,114
336,1148871106,614947648,Goff Jared,2018,24,ram,qb,16,16,16,13-3-0,561,123,123,120,120,105,113,103,108,115
337,-697316355,614947648,Goff Jared,2019,25,ram,qb,16,16,16,9-7-0,626,102,110,97,103,95,89,96,124,93
338,2020384196,406944126,Kessler Cody,2016,23,cle,qb,6,9,8,0-8-0,195,98,88,104,96,112,85,124,70,105
339,972953862,-891971045,Kizer DeShone,2017,21,cle,qb,7,15,15,0-15-0,476,77,78,66,67,65,77,62,92,61
340,-1173971301,843614242,Brissett Jacoby,2017,25,clt,qb,7,16,15,4-11-0,469,88,82,93,88,84,82,114,73,89
341,-2093709813,843614242,Brissett Jacoby,2019,27,clt,qb,7,15,15,7-8-0,447,86,91,95,98,87,94,116,107,95
342,2036487746,-1230724460,Trubisky Mitchell,2017,23,chi,qb,10,12,12,4-8-0,330,89,85,88,85,86,75,104,83,84
343,181887903,-1230724460,Trubisky Mitchell,2018,24,chi,qb,10,14,14,11-3-0,434,104,108,103,106,112,111,93,110,107
344,-1948928831,-1230724460,Trubisky Mitchell,2019,25,chi,qb,10,15,15,8-7-0,516,77,79,82,84,96,86,106,99,88
345,1935597976,-1553502145,Hundley Brett,2017,24,gnb,qb,7,11,9,3-6-0,316,72,70,68,67,91,83,76,84,74
346,-924120582,-473913933,Savage Tom,2017,27,htx,qb,3,8,7,1-6-0,223,83,77,81,77,74,76,94,83,76
347,2057715534,-1839774701,Watson Deshaun,2017,22,htx,qb,4,7,6,3-3-0,204,124,115,119,114,94,154,74,84,118
348,-224086959,-1839774701,Watson Deshaun,2018,23,htx,qb,4,16,16,11-5-0,505,121,107,119,110,118,107,109,67,117
349,-1398552814,-1839774701,Watson Deshaun,2019,24,htx,qb,4,15,15,10-5-0,495,110,106,108,105,112,107,98,89,109
350,1363294002,939371086,Garoppolo Jimmy,2017,26,sfo,qb,10,6,5,5-0-0,178,133,134,117,120,115,95,92,115,109
351,1531842931,939371086,Garoppolo Jimmy,2019,28,sfo,qb,10,16,16,13-3-0,476,121,118,115,113,119,111,93,98,114
352,5025716,222008431,Mahomes Patrick,2018,23,kan,qb,15,16,16,12-4-0,580,131,134,134,136,109,144,105,117,131
353,-305838643,222008431,Mahomes Patrick,2019,24,kan,qb,15,14,14,11-3-0,484,120,127,124,129,106,108,121,125,119
354,-1155494310,-1295694583,Mayfield Baker,2018,23,cle,qb,6,14,13,6-7-0,486,109,112,106,108,101,112,91,113,105
355,200896025,-1295694583,Mayfield Baker,2019,24,cle,qb,6,16,16,6-10-0,534,98,97,87,87,82,95,74,98,83
356,-995737568,1799221836,Darnold Sam,2018,21,nyj,qb,14,13,13,4-9-0,414,94,95,88,88,78,96,79,99,83
357,-1379525471,1799221836,Darnold Sam,2019,22,nyj,qb,14,13,13,7-6-0,441,92,92,89,90,91,97,90,98,90
358,-38295582,-1805727679,Rosen Josh,2018,21,crd,qb,3,14,13,3-10-0,393,72,66,69,66,69,82,80,72,69
359,-388518700,1939846979,Allen Josh,2018,22,buf,qb,17,12,11,5-6-0,320,86,83,78,77,60,86,77,89,70
360,-1971495410,1939846979,Allen Josh,2019,23,buf,qb,17,16,16,10-6-0,461,89,88,93,93,80,97,106,93,91
361,-956140346,-497271853,Mullens Nick,2018,23,sfo,qb,4,8,8,3-5-0,274,122,121,108,108,103,103,78,106,101
362,1379942351,717817655,Driskel Jeff,2018,25,cin,qb,6,9,5,1-4-0,176,70,68,84,82,86,89,120,87,89
363,-423539018,-1419401162,Jackson Lamar,2018,21,rav,qb,8,16,7,6-1-0,170,97,96,99,98,80,90,110,85,92
364,-855079166,-1419401162,Jackson Lamar,2019,22,rav,qb,8,15,15,13-2-0,401,110,114,124,126,107,147,113,110,130
365,1386704015,-402446982,Murray Kyler,2019,22,crd,qb,1,16,16,5-10-1,542,92,89,92,91,101,90,102,89,94
366,-1406563399,548698347,Allen Kyle,2019,23,car,qb,7,13,12,5-7-0,489,90,84,84,80,92,88,85,86,84
367,1416397987,1112123701,Minshew Gardner,2019,23,jax,qb,15,14,12,6-6-0,470,94,96,102,103,87,99,117,101,99
368,71015254,-729841896,Jones Daniel,2019,22,nyg,qb,8,13,12,3-9-0,459,86,84,90,88,91,107,95,93,95
369,-1361077120,-1774193342,Rudolph Mason,2019,24,pit,qb,2,10,8,5-3-0,283,80,84,80,83,92,100,86,112,87
370,1604020978,-1138787627,Haskins Dwayne,2019,22,was,qb,7,9,7,2-5-0,203,89,75,82,73,79,88,82,57,79
371,-209628899,-2033415372,Blough David,2019,24,det,qb,10,5,5,0-5-0,174,68,69,64,65,62,76,82,95,62
372,-464561666,-1844746515,Hodges Devlin,2019,23,pit,qb,6,8,6,3-3-0,160,87,84,70,70,94,84,57,86,73
373,1296587681,-1302107800,Lock Drew,2019,23,den,qb,3,5,5,4-1-0,156,85,97,92,100,100,99,106,127,97
