,ftid,qbid,Name,Year,Age,G,FantPos,FantPt,VBD,PosRank,OvRank
0,-566228438,-2036263229,Manning Peyton,2010,34,16,qb,286,57,4,25
1,-394866964,-2036263229,Manning Peyton,2012,36,16,qb,311,60,6,27
2,-806186554,-2036263229,Manning Peyton,2013,37,16,qb,412,153,1,2
3,1277556686,-2036263229,Manning Peyton,2014,38,16,qb,313,47,4,32
4,-287013210,-2036263229,Manning Peyton,2015,39,10,qb,91,0,34,0
5,1924656079,1800805156,Brees Drew,2010,31,16,qb,269,40,6,37
6,-1405348854,1800805156,Brees Drew,2011,32,16,qb,394,171,2,2
7,-2094102569,1800805156,Brees Drew,2012,33,16,qb,346,95,1,10
8,11004564,1800805156,Brees Drew,2013,34,16,qb,358,99,2,11
9,-903055854,1800805156,Brees Drew,2014,35,16,qb,303,37,6,39
10,-1019525959,1800805156,Brees Drew,2015,36,15,qb,304,20,6,50
11,-909748123,1800805156,Brees Drew,2016,37,16,qb,332,72,3,14
12,-472753035,1800805156,Brees Drew,2017,38,16,qb,263,7,9,63
13,-851162915,1800805156,Brees Drew,2018,39,15,qb,304,21,8,52
14,-92230420,1800805156,Brees Drew,2019,40,11,qb,225,0,21,0
15,-753739322,1176270634,Bradford Sam,2010,23,16,qb,191,0,20,0
16,-1240636210,1176270634,Bradford Sam,2011,24,10,qb,89,0,32,0
17,-128349046,1176270634,Bradford Sam,2012,25,16,qb,230,0,16,0
18,-263040322,1176270634,Bradford Sam,2013,26,7,qb,119,0,30,0
19,-874439398,1176270634,Bradford Sam,2015,28,14,qb,195,0,24,0
20,-886573713,1176270634,Bradford Sam,2016,29,15,qb,221,0,23,0
21,512103363,388933701,Palmer Carson,2010,31,16,qb,224,0,13,0
22,1526237310,388933701,Palmer Carson,2011,32,10,qb,136,0,26,0
23,-2129751588,388933701,Palmer Carson,2012,33,15,qb,224,0,18,0
24,1272902037,388933701,Palmer Carson,2013,34,16,qb,217,0,17,0
25,-722723150,388933701,Palmer Carson,2014,35,6,qb,104,0,31,0
26,277789420,388933701,Palmer Carson,2015,36,16,qb,309,25,5,47
27,-2000328244,388933701,Palmer Carson,2016,37,15,qb,243,0,19,0
28,-1103330377,388933701,Palmer Carson,2017,38,7,qb,102,0,32,0
29,145721629,-1367097020,Schaub Matt,2010,29,16,qb,246,17,9,53
30,-2073432193,-1367097020,Schaub Matt,2011,30,10,qb,158,0,23,0
31,184322190,-1367097020,Schaub Matt,2012,31,16,qb,225,0,17,0
32,1433568053,-1367097020,Schaub Matt,2013,32,10,qb,105,0,34,0
33,-1487475621,-1537761598,Ryan Matt,2010,25,16,qb,250,21,8,50
34,-1598064027,-1537761598,Ryan Matt,2011,26,16,qb,273,51,8,26
35,438041840,-1537761598,Ryan Matt,2012,27,16,qb,305,54,7,32
36,-138446734,-1537761598,Ryan Matt,2013,28,16,qb,248,0,15,0
37,-956865897,-1537761598,Ryan Matt,2014,29,16,qb,284,19,7,54
38,-2064514135,-1537761598,Ryan Matt,2015,30,16,qb,234,0,19,0
39,533320586,-1537761598,Ryan Matt,2016,31,16,qb,347,87,2,9
40,-1057598666,-1537761598,Ryan Matt,2017,32,16,qb,228,0,15,0
41,-428831201,-1537761598,Ryan Matt,2018,33,16,qb,354,71,2,21
42,-1253809875,-1537761598,Ryan Matt,2019,34,15,qb,267,4,11,69
43,1493655451,-1229183779,Rivers Philip,2010,29,16,qb,282,53,5,28
44,1864676530,-1229183779,Rivers Philip,2011,30,16,qb,255,32,9,42
45,1470231011,-1229183779,Rivers Philip,2012,31,16,qb,208,0,21,0
46,438403824,-1229183779,Rivers Philip,2013,32,16,qb,287,29,6,47
47,-1354130585,-1229183779,Rivers Philip,2014,33,16,qb,266,0,12,77
48,-1120191738,-1229183779,Rivers Philip,2015,34,16,qb,284,0,12,77
49,362451044,-1229183779,Rivers Philip,2016,35,16,qb,259,0,14,0
50,955029585,-1229183779,Rivers Philip,2017,36,16,qb,270,15,8,57
51,-1479108205,-1229183779,Rivers Philip,2018,37,16,qb,285,2,11,70
52,105545099,-1229183779,Rivers Philip,2019,38,16,qb,236,0,18,0
53,-1770179022,-1687376776,Manning Eli,2010,29,16,qb,229,0,12,75
54,-1939848986,-1687376776,Manning Eli,2011,30,16,qb,281,58,6,22
55,503986414,-1687376776,Manning Eli,2012,31,16,qb,233,0,15,0
56,1504242706,-1687376776,Manning Eli,2013,32,16,qb,170,0,21,0
57,1638125862,-1687376776,Manning Eli,2014,33,16,qb,270,4,10,69
58,1068535847,-1687376776,Manning Eli,2015,34,16,qb,287,3,10,69
59,-1383931352,-1687376776,Manning Eli,2016,35,16,qb,224,0,21,0
60,-509990678,-1687376776,Manning Eli,2017,36,15,qb,187,0,23,0
61,-893213305,-1687376776,Manning Eli,2018,37,16,qb,240,0,17,0
62,-1286030463,1338077178,Sanchez Mark,2010,24,16,qb,202,0,18,0
63,-793655945,1338077178,Sanchez Mark,2011,25,16,qb,237,14,10,59
64,2061169351,1338077178,Sanchez Mark,2012,26,15,qb,118,0,30,0
65,2004408561,1338077178,Sanchez Mark,2014,28,9,qb,139,0,27,0
66,277926425,-404672456,Orton Kyle,2010,28,13,qb,208,0,17,0
67,293665416,-404672456,Orton Kyle,2014,32,12,qb,176,0,23,0
68,-649968630,850228064,Brady Tom,2010,33,16,qb,299,70,3,20
69,-1742332683,850228064,Brady Tom,2011,34,16,qb,366,144,4,7
70,135168023,850228064,Brady Tom,2012,35,16,qb,340,90,3,12
71,-1850875346,850228064,Brady Tom,2013,36,16,qb,252,0,14,0
72,1795365497,850228064,Brady Tom,2014,37,16,qb,278,12,9,62
73,2098024657,850228064,Brady Tom,2015,38,16,qb,344,59,2,21
74,-1367090437,850228064,Brady Tom,2016,39,12,qb,259,0,15,0
75,-1864650531,850228064,Brady Tom,2017,40,16,qb,296,41,3,28
76,2080259445,850228064,Brady Tom,2018,41,16,qb,280,0,14,0
77,87957830,850228064,Brady Tom,2019,42,16,qb,264,0,12,0
78,-203527986,1624208002,Henne Chad,2010,25,15,qb,155,0,25,0
79,1275060659,1624208002,Henne Chad,2012,27,10,qb,113,0,31,0
80,1630053634,1624208002,Henne Chad,2013,28,15,qb,161,0,25,0
81,-15425912,82481976,Flacco Joe,2010,25,16,qb,231,2,10,72
82,2008416928,82481976,Flacco Joe,2011,26,16,qb,202,0,17,0
83,-952714233,82481976,Flacco Joe,2012,27,16,qb,235,0,14,0
84,259080521,82481976,Flacco Joe,2013,28,16,qb,208,0,19,0
85,197739836,82481976,Flacco Joe,2014,29,16,qb,262,0,13,0
86,-1696648327,82481976,Flacco Joe,2015,30,10,qb,162,0,26,0
87,-2118693103,82481976,Flacco Joe,2016,31,16,qb,242,0,20,0
88,-1396604455,82481976,Flacco Joe,2017,32,16,qb,185,0,24,0
89,-1533887382,82481976,Flacco Joe,2018,33,9,qb,137,0,32,0
90,1808648547,-1347550939,Rodgers Aaron,2010,27,15,qb,304,75,2,17
91,579252043,-1347550939,Rodgers Aaron,2011,28,15,qb,397,175,1,1
92,1855619940,-1347550939,Rodgers Aaron,2012,29,16,qb,344,93,2,11
93,-1386726937,-1347550939,Rodgers Aaron,2013,30,9,qb,169,0,22,0
94,-2039054993,-1347550939,Rodgers Aaron,2014,31,16,qb,354,89,1,13
95,-899404474,-1347550939,Rodgers Aaron,2015,32,16,qb,301,17,7,55
96,1045215930,-1347550939,Rodgers Aaron,2016,33,16,qb,380,119,1,3
97,1660038286,-1347550939,Rodgers Aaron,2017,34,7,qb,130,0,29,0
98,333560124,-1347550939,Rodgers Aaron,2018,35,16,qb,313,30,7,44
99,-1386124638,-1347550939,Rodgers Aaron,2019,36,16,qb,278,15,9,56
100,63072947,-1653268538,Freeman Josh,2010,22,16,qb,258,29,7,43
101,-1153542214,-1653268538,Freeman Josh,2011,23,15,qb,205,0,16,0
102,-287829695,-1653268538,Freeman Josh,2012,24,16,qb,249,0,13,0
103,-1034951681,1965714639,McNabb Donovan,2010,34,13,qb,174,0,21,0
104,2016771885,1965714639,McNabb Donovan,2011,35,6,qb,65,0,36,0
105,-1094057673,65093758,Cassel Matt,2010,28,15,qb,229,0,11,74
106,485678557,65093758,Cassel Matt,2011,29,9,qb,96,0,31,0
107,55336869,65093758,Cassel Matt,2012,30,9,qb,78,0,35,0
108,-1908546001,65093758,Cassel Matt,2013,31,9,qb,108,0,32,0
109,-1123679528,-1429869480,Hasselbeck Matt,2010,35,14,qb,148,0,26,0
110,-120646617,-1429869480,Hasselbeck Matt,2011,36,16,qb,190,0,19,0
111,-199670056,-1429869480,Hasselbeck Matt,2012,37,8,qb,76,0,36,0
112,1098754996,-1429869480,Hasselbeck Matt,2015,40,8,qb,91,0,35,0
113,589349037,1497878995,Fitzpatrick Ryan,2010,28,13,qb,199,0,19,0
114,-91065227,1497878995,Fitzpatrick Ryan,2011,29,16,qb,223,0,12,0
115,-404228283,1497878995,Fitzpatrick Ryan,2012,30,16,qb,214,0,20,0
116,1290331889,1497878995,Fitzpatrick Ryan,2013,31,11,qb,167,0,24,0
117,1630222805,1497878995,Fitzpatrick Ryan,2014,32,12,qb,180,0,21,0
118,49883368,1497878995,Fitzpatrick Ryan,2015,33,16,qb,285,1,11,74
119,-725741414,1497878995,Fitzpatrick Ryan,2016,34,14,qb,133,0,29,0
120,-1141092619,1497878995,Fitzpatrick Ryan,2018,36,8,qb,166,0,28,0
121,-875318527,1497878995,Fitzpatrick Ryan,2019,37,15,qb,241,0,17,0
122,-177265235,1770057479,Cutler Jay,2010,27,15,qb,210,0,15,0
123,474805153,1770057479,Cutler Jay,2011,28,10,qb,136,0,25,0
124,-1941862510,1770057479,Cutler Jay,2012,29,15,qb,185,0,23,0
125,-914270459,1770057479,Cutler Jay,2013,30,11,qb,169,0,23,0
126,1439743120,1770057479,Cutler Jay,2014,31,15,qb,256,0,14,0
127,39735512,1770057479,Cutler Jay,2015,32,15,qb,226,0,21,0
128,-1411846362,1770057479,Cutler Jay,2016,33,5,qb,47,0,39,0
129,-816371057,1770057479,Cutler Jay,2017,34,14,qb,158,0,27,0
130,-1623959900,-1749548283,Hill Shaun,2010,30,11,qb,160,0,22,0
131,62243122,-1749548283,Hill Shaun,2014,34,9,qb,89,0,34,0
132,645699554,766382453,Roethlisberger Ben,2010,28,12,qb,210,0,16,0
133,1237525272,766382453,Roethlisberger Ben,2011,29,15,qb,216,0,13,0
134,1696907002,766382453,Roethlisberger Ben,2012,30,13,qb,224,0,19,0
135,730394011,766382453,Roethlisberger Ben,2013,31,16,qb,259,0,12,0
136,-1071121756,766382453,Roethlisberger Ben,2014,32,16,qb,306,41,5,37
137,1884418105,766382453,Roethlisberger Ben,2015,33,12,qb,228,0,20,0
138,173736002,766382453,Roethlisberger Ben,2016,34,14,qb,252,0,18,0
139,-1698605195,766382453,Roethlisberger Ben,2017,35,15,qb,261,5,10,67
140,359952873,766382453,Roethlisberger Ben,2018,36,16,qb,341,58,3,27
141,-248489069,2111143530,Vick Michael,2010,30,12,qb,310,81,1,12
142,-443458450,2111143530,Vick Michael,2011,31,13,qb,233,10,11,67
143,-847248203,2111143530,Vick Michael,2012,32,10,qb,152,0,27,0
144,1231946671,2111143530,Vick Michael,2013,33,7,qb,101,0,36,0
145,1349556707,-240298878,Garrard David,2010,32,14,qb,221,0,14,0
146,-231775879,947900537,Favre Brett,2010,41,13,qb,97,0,31,0
147,-186047462,-245464400,Smith Alex,2010,26,11,qb,135,0,27,0
148,-1010484510,-245464400,Smith Alex,2011,27,16,qb,212,0,14,0
149,-1500773880,-245464400,Smith Alex,2012,28,10,qb,123,0,29,0
150,-825605151,-245464400,Smith Alex,2013,29,15,qb,253,0,13,0
151,2041242847,-245464400,Smith Alex,2014,30,15,qb,220,0,19,0
152,1463839808,-245464400,Smith Alex,2015,31,16,qb,271,0,15,0
153,-1544738786,-245464400,Smith Alex,2016,32,15,qb,224,0,22,0
154,1703155008,-245464400,Smith Alex,2017,33,15,qb,295,40,4,29
155,-1544154520,-245464400,Smith Alex,2018,34,10,qb,138,0,31,0
156,-32938102,124617583,Campbell Jason,2010,29,13,qb,158,0,23,0
157,416798382,124617583,Campbell Jason,2011,30,6,qb,79,0,34,0
158,-2109793987,124617583,Campbell Jason,2013,32,9,qb,115,0,31,0
159,445889153,-1233585796,Anderson Derek,2010,27,12,qb,91,0,32,0
160,1475232570,-1848808404,Kitna Jon,2010,38,10,qb,157,0,24,0
161,-221681835,-1732958096,Clausen Jimmy,2010,23,13,qb,58,0,37,0
162,-2041251292,436547542,Collins Kerry,2010,38,10,qb,109,0,28,0
163,-270446972,-1285512837,McCoy Colt,2010,24,8,qb,90,0,33,0
164,58891958,-1285512837,McCoy Colt,2011,25,13,qb,160,0,22,0
165,-35493389,1688629730,Romo Tony,2010,30,6,qb,99,0,29,0
166,479940232,1688629730,Romo Tony,2011,31,16,qb,276,53,7,25
167,1889444469,1688629730,Romo Tony,2012,32,16,qb,279,28,8,51
168,1291999873,1688629730,Romo Tony,2013,33,15,qb,261,2,10,71
169,-1010204932,1688629730,Romo Tony,2014,34,15,qb,266,1,11,73
170,1584117425,-481190082,Kolb Kevin,2010,26,7,qb,62,0,36,0
171,-513849089,-481190082,Kolb Kevin,2011,27,9,qb,99,0,30,0
172,-708565011,-481190082,Kolb Kevin,2012,28,6,qb,85,0,34,0
173,-70285126,1659604712,Young Vince,2010,27,9,qb,89,0,34,0
174,-1420771015,-1469818203,Smith Troy,2010,26,6,qb,77,0,35,0
175,-362818858,-228175958,Moore Matt,2010,26,6,qb,33,0,45,0
176,-1926424061,-228175958,Moore Matt,2011,27,13,qb,162,0,21,0
177,1822060749,-950977101,Skelton John,2011,23,8,qb,103,0,29,0
178,96245885,-950977101,Skelton John,2012,24,7,qb,32,0,40,0
179,-1425874562,-580681276,Stafford Matthew,2011,23,16,qb,343,121,5,9
180,641050957,-580681276,Stafford Matthew,2012,24,16,qb,276,25,11,55
181,-1949923100,-580681276,Stafford Matthew,2013,25,16,qb,279,20,7,52
182,1969798579,-580681276,Stafford Matthew,2014,26,16,qb,252,0,15,0
183,-2105663022,-580681276,Stafford Matthew,2015,27,16,qb,290,5,9,66
184,798657369,-580681276,Stafford Matthew,2016,28,16,qb,280,19,7,47
185,-644838943,-580681276,Stafford Matthew,2017,29,16,qb,274,18,7,53
186,-1490255330,-580681276,Stafford Matthew,2018,30,16,qb,212,0,20,0
187,1431471917,-580681276,Stafford Matthew,2019,31,8,qb,167,0,29,0
188,1224759035,663761021,Newton Cam,2011,22,16,qb,369,147,3,5
189,-1768741632,663761021,Newton Cam,2012,23,16,qb,323,73,4,20
190,482772758,663761021,Newton Cam,2013,24,16,qb,298,39,3,40
191,-7941063,663761021,Newton Cam,2014,25,14,qb,249,0,17,0
192,-1852370488,663761021,Newton Cam,2015,26,16,qb,389,105,1,5
193,278864677,663761021,Newton Cam,2016,27,15,qb,254,0,17,0
194,-227323830,663761021,Newton Cam,2017,28,16,qb,299,44,2,23
195,1773529870,663761021,Newton Cam,2018,29,14,qb,283,0,12,75
196,1000424614,1476570788,Dalton Andy,2011,24,16,qb,207,0,15,0
197,1506685151,1476570788,Dalton Andy,2012,25,16,qb,251,0,12,75
198,1805638784,1476570788,Dalton Andy,2013,26,16,qb,288,29,5,45
199,326715264,1476570788,Dalton Andy,2014,27,16,qb,225,0,18,0
200,-657282178,1476570788,Dalton Andy,2015,28,13,qb,244,0,18,0
201,515473922,1476570788,Dalton Andy,2016,29,16,qb,261,0,12,75
202,1483358431,1476570788,Dalton Andy,2017,30,16,qb,211,0,17,0
203,469443862,1476570788,Dalton Andy,2018,31,11,qb,175,0,25,0
204,-2048303940,1476570788,Dalton Andy,2019,32,13,qb,203,0,26,0
205,-1229358843,190205551,Grossman Rex,2011,31,13,qb,149,0,24,0
206,1694898305,-1979381499,Jackson Tarvaris,2011,28,15,qb,162,0,20,0
207,912928942,-1146984473,Gabbert Blaine,2011,22,15,qb,116,0,28,0
208,-1324296305,-1146984473,Gabbert Blaine,2012,23,10,qb,94,0,32,0
209,-1833643243,-1146984473,Gabbert Blaine,2015,26,8,qb,130,0,29,0
210,1567812692,-1146984473,Gabbert Blaine,2016,27,6,qb,73,0,33,0
211,-1890907581,-1146984473,Gabbert Blaine,2017,28,5,qb,62,0,38,0
212,-866538336,1562025141,Ponder Christian,2011,23,11,qb,118,0,27,0
213,1058205462,1562025141,Ponder Christian,2012,24,16,qb,193,0,22,0
214,-1132427359,1562025141,Ponder Christian,2013,25,9,qb,107,0,33,0
215,308490854,-2022053111,Tebow Tim,2011,24,14,qb,199,0,18,0
216,1760495514,-1615191615,Painter Curtis,2011,26,9,qb,72,0,35,0
217,1561375196,2006213299,Orlovsky Dan,2011,28,8,qb,59,0,38,0
218,-1384372606,-727174483,Luck Andrew,2012,23,16,qb,276,26,10,54
219,-856906739,-727174483,Luck Andrew,2013,24,16,qb,293,34,4,43
220,-283077395,-727174483,Luck Andrew,2014,25,16,qb,352,86,2,14
221,1830857064,-727174483,Luck Andrew,2015,26,7,qb,131,0,28,0
222,-2104374607,-727174483,Luck Andrew,2016,27,15,qb,308,47,4,22
223,-366881581,-727174483,Luck Andrew,2018,29,16,qb,327,44,5,38
224,1311317725,-1852919812,Weeden Brandon,2012,29,15,qb,166,0,26,0
225,-485830047,-1852919812,Weeden Brandon,2013,30,8,qb,90,0,38,0
226,-426230586,-1153590125,Tannehill Ryan,2012,24,16,qb,183,0,24,0
227,2081244773,-1153590125,Tannehill Ryan,2013,25,16,qb,238,0,16,0
228,-1790977454,-1153590125,Tannehill Ryan,2014,26,16,qb,279,13,8,61
229,227148779,-1153590125,Tannehill Ryan,2015,27,16,qb,257,0,17,0
230,206992073,-1153590125,Tannehill Ryan,2016,28,13,qb,190,0,27,0
231,-225547452,-1153590125,Tannehill Ryan,2018,30,11,qb,142,0,30,0
232,-1957567716,-1153590125,Tannehill Ryan,2019,31,12,qb,224,0,22,0
233,1360796544,-699196471,Griffin Robert,2012,22,15,qb,318,67,5,22
234,844565148,-699196471,Griffin Robert,2013,23,13,qb,213,0,18,0
235,-1207334424,-699196471,Griffin Robert,2014,24,9,qb,87,0,36,0
236,871143230,-699196471,Griffin Robert,2016,26,5,qb,66,0,35,0
237,941971644,-1576629714,Wilson Russell,2012,24,16,qb,278,27,9,52
238,392795152,-1576629714,Wilson Russell,2013,25,16,qb,270,11,8,62
239,-1201958768,-1576629714,Wilson Russell,2014,26,16,qb,330,64,3,22
240,345892721,-1576629714,Wilson Russell,2015,27,16,qb,336,52,3,24
241,1849632805,-1576629714,Wilson Russell,2016,28,16,qb,268,7,11,62
242,-1207288848,-1576629714,Wilson Russell,2017,29,16,qb,348,93,1,9
243,-1674954079,-1576629714,Wilson Russell,2018,30,16,qb,298,16,9,58
244,805841854,-1576629714,Wilson Russell,2019,31,16,qb,329,65,3,14
245,787990015,1132117231,Locker Jake,2012,24,11,qb,132,0,28,0
246,-1230653698,1132117231,Locker Jake,2013,25,7,qb,100,0,37,0
247,-1889451201,1132117231,Locker Jake,2014,26,7,qb,64,0,39,0
248,979552597,-1457882352,Foles Nick,2012,23,7,qb,86,0,33,0
249,896024638,-1457882352,Foles Nick,2013,24,13,qb,260,1,11,74
250,988877327,-1457882352,Foles Nick,2014,25,8,qb,119,0,29,0
251,-1781069703,-1457882352,Foles Nick,2015,26,11,qb,96,0,32,0
252,-1300270516,-1457882352,Foles Nick,2018,29,5,qb,75,0,36,0
253,194086710,1884505392,Kaepernick Colin,2012,25,13,qb,174,0,25,0
254,-1285173191,1884505392,Kaepernick Colin,2013,26,16,qb,264,5,9,68
255,-1237215185,1884505392,Kaepernick Colin,2014,27,16,qb,251,0,16,0
256,-452953433,1884505392,Kaepernick Colin,2015,28,9,qb,110,0,31,0
257,-295199678,1884505392,Kaepernick Colin,2016,29,12,qb,200,0,25,0
258,1684585909,-2032470821,Quinn Brady,2012,28,10,qb,44,0,38,0
259,-1979344040,-2013052061,Lindley Ryan,2012,23,6,qb,13,0,48,0
260,-1612124039,107076031,Smith Geno,2013,23,16,qb,194,0,20,0
261,693359960,107076031,Smith Geno,2014,24,14,qb,151,0,26,0
262,352967102,411211757,Glennon Mike,2013,24,13,qb,158,0,26,0
263,2137891473,411211757,Glennon Mike,2014,25,6,qb,90,0,33,0
264,-577733787,-1871021679,Manuel EJ,2013,23,10,qb,133,0,29,0
265,5839521,-480938147,Pryor Terrelle,2013,24,11,qb,144,0,27,0
266,1156939779,1514315628,Keenum Case,2013,25,8,qb,104,0,35,0
267,2128580705,1514315628,Keenum Case,2015,27,6,qb,44,0,39,0
268,-1160780369,1514315628,Keenum Case,2016,28,10,qb,111,0,30,0
269,-1180254259,1514315628,Keenum Case,2017,29,15,qb,238,0,14,0
270,-2125844759,1514315628,Keenum Case,2018,30,16,qb,215,0,19,0
271,1346136150,-937112183,Clemens Kellen,2013,30,10,qb,85,0,39,0
272,398317172,792233094,McCown Josh,2013,34,8,qb,136,0,28,0
273,-718328677,792233094,McCown Josh,2014,35,11,qb,127,0,28,0
274,-2139833985,792233094,McCown Josh,2015,36,8,qb,132,0,27,0
275,1498717395,792233094,McCown Josh,2017,38,13,qb,205,0,21,0
276,-295529847,1703475469,McGloin Matt,2013,24,7,qb,79,0,40,0
277,2069579772,1323375300,Lewis Thaddeus,2013,28,6,qb,59,0,42,0
278,1738058282,1311559205,Carr Derek,2014,23,16,qb,192,0,20,0
279,659182347,1311559205,Carr Derek,2015,24,16,qb,271,0,14,0
280,720663072,1311559205,Carr Derek,2016,25,15,qb,268,8,10,60
281,-74900430,1311559205,Carr Derek,2017,26,15,qb,206,0,19,0
282,2050042576,1311559205,Carr Derek,2018,27,16,qb,216,0,18,0
283,509754842,1311559205,Carr Derek,2019,28,16,qb,244,0,16,0
284,-125234637,-108045714,Bortles Blake,2014,22,14,qb,168,0,24,0
285,-1306303226,-108045714,Bortles Blake,2015,23,16,qb,316,32,4,40
286,-1658483023,-108045714,Bortles Blake,2016,24,16,qb,270,9,9,58
287,-638451027,-108045714,Bortles Blake,2017,25,16,qb,250,0,13,0
288,-1593673408,-108045714,Bortles Blake,2018,26,13,qb,173,0,26,0
289,-164743534,336656457,Hoyer Brian,2014,29,14,qb,157,0,25,0
290,-252670430,336656457,Hoyer Brian,2015,30,11,qb,167,0,25,0
291,1427757092,336656457,Hoyer Brian,2016,31,6,qb,80,0,31,0
292,-1708461716,1151069139,Bridgewater Teddy,2014,22,13,qb,180,0,22,0
293,-1787598121,1151069139,Bridgewater Teddy,2015,23,16,qb,200,0,23,0
294,1698350714,1151069139,Bridgewater Teddy,2019,27,9,qb,90,0,32,0
295,-1567984538,-713383770,Davis Austin,2014,25,10,qb,108,0,30,0
296,836272940,1180508356,Stanton Drew,2014,30,9,qb,95,0,32,0
297,-614952642,1067959648,Cousins Kirk,2014,26,6,qb,88,0,35,0
298,-1097041542,1067959648,Cousins Kirk,2015,27,16,qb,293,9,8,63
299,1417973065,1067959648,Cousins Kirk,2016,28,16,qb,300,40,5,26
300,609856018,1067959648,Cousins Kirk,2017,29,16,qb,278,22,6,43
301,-1829670862,1067959648,Cousins Kirk,2018,30,16,qb,282,0,13,0
302,-637719391,1067959648,Cousins Kirk,2019,31,15,qb,244,0,15,0
303,594427003,-1901566010,Whitehurst Charlie,2014,32,7,qb,87,0,37,0
304,-925980769,725298360,Mettenberger Zach,2014,23,7,qb,71,0,38,0
305,-1487542223,725298360,Mettenberger Zach,2015,24,7,qb,42,0,40,0
306,1576800172,705292881,Winston Jameis,2015,21,16,qb,275,0,13,0
307,-811615190,705292881,Winston Jameis,2016,22,16,qb,256,0,16,0
308,-187829913,705292881,Winston Jameis,2017,23,13,qb,202,0,22,0
309,250295177,705292881,Winston Jameis,2018,24,11,qb,196,0,22,0
310,-586217936,705292881,Winston Jameis,2019,25,16,qb,305,42,5,30
311,-2050331475,524075261,Taylor Tyrod,2015,26,14,qb,271,0,16,0
312,-1556784004,524075261,Taylor Tyrod,2016,27,15,qb,271,10,8,55
313,767816350,524075261,Taylor Tyrod,2017,28,15,qb,223,0,16,0
314,1889711026,24640782,Mariota Marcus,2015,22,12,qb,210,0,22,0
315,407738525,24640782,Mariota Marcus,2016,23,15,qb,260,0,13,0
316,1875667662,24640782,Mariota Marcus,2017,24,15,qb,210,0,18,0
317,-1041927448,24640782,Mariota Marcus,2018,25,14,qb,175,0,24,0
318,-1113811365,24640782,Mariota Marcus,2019,26,7,qb,85,0,33,0
319,274480212,1558121651,Osweiler Brock,2015,25,8,qb,117,0,30,0
320,981724408,1558121651,Osweiler Brock,2016,26,15,qb,168,0,28,0
321,803784721,1558121651,Osweiler Brock,2018,28,7,qb,68,0,38,0
322,-601502006,-880200100,Manziel Johnny,2015,23,9,qb,95,0,33,0
323,-236353480,-171197555,Wentz Carson,2016,24,16,qb,213,0,24,0
324,-294603856,-171197555,Wentz Carson,2017,25,13,qb,282,26,5,40
325,-1424511764,-171197555,Wentz Carson,2018,26,11,qb,193,0,23,0
326,956284854,-171197555,Wentz Carson,2019,27,16,qb,276,12,10,60
327,-1255894897,106325641,Siemian Trevor,2016,25,14,qb,192,0,26,0
328,1244675818,106325641,Siemian Trevor,2017,26,11,qb,126,0,30,0
329,29142465,-1300153260,Prescott Dak,2016,23,16,qb,287,26,6,38
330,-1794247629,-1300153260,Prescott Dak,2017,24,16,qb,261,5,11,68
331,1762189324,-1300153260,Prescott Dak,2018,25,16,qb,286,3,10,69
332,-1377409523,-1300153260,Prescott Dak,2019,26,16,qb,338,74,2,12
333,-1593344522,524067814,Barkley Matt,2016,26,7,qb,71,0,34,0
334,603647142,614947648,Goff Jared,2016,22,7,qb,53,0,37,0
335,718927685,614947648,Goff Jared,2017,23,15,qb,255,0,12,0
336,1148871106,614947648,Goff Jared,2018,24,16,qb,316,34,6,42
337,-697316355,614947648,Goff Jared,2019,25,16,qb,248,0,13,0
338,2020384196,406944126,Kessler Cody,2016,23,9,qb,77,0,32,0
339,972953862,-891971045,Kizer DeShone,2017,21,15,qb,176,0,25,0
340,-1173971301,843614242,Brissett Jacoby,2017,25,16,qb,206,0,20,0
341,-2093709813,843614242,Brissett Jacoby,2019,27,15,qb,217,0,23,0
342,2036487746,-1230724460,Trubisky Mitchell,2017,23,12,qb,135,0,28,0
343,181887903,-1230724460,Trubisky Mitchell,2018,24,14,qb,263,0,15,0
344,-1948928831,-1230724460,Trubisky Mitchell,2019,25,15,qb,203,0,25,0
345,1935597976,-1553502145,Hundley Brett,2017,24,11,qb,123,0,31,0
346,-924120582,-473913933,Savage Tom,2017,27,8,qb,51,0,39,0
347,2057715534,-1839774701,Watson Deshaun,2017,22,7,qb,169,0,26,0
348,-224086959,-1839774701,Watson Deshaun,2018,23,16,qb,332,49,4,31
349,-1398552814,-1839774701,Watson Deshaun,2019,24,15,qb,320,56,4,17
350,1363294002,939371086,Garoppolo Jimmy,2017,26,6,qb,87,0,34,0
351,1531842931,939371086,Garoppolo Jimmy,2019,28,16,qb,247,0,14,0
352,5025716,222008431,Mahomes Patrick,2018,23,16,qb,417,134,1,5
353,-305838643,222008431,Mahomes Patrick,2019,24,14,qb,287,23,7,48
354,-1155494310,-1295694583,Mayfield Baker,2018,23,14,qb,240,0,16,0
355,200896025,-1295694583,Mayfield Baker,2019,24,16,qb,229,0,20,0
356,-995737568,1799221836,Darnold Sam,2018,21,13,qb,168,0,27,0
357,-1379525471,1799221836,Darnold Sam,2019,22,13,qb,189,0,27,0
358,-38295582,-1805727679,Rosen Josh,2018,21,14,qb,113,0,34,0
359,-388518700,1939846979,Allen Josh,2018,22,12,qb,208,0,21,0
360,-1971495410,1939846979,Allen Josh,2019,23,16,qb,289,25,6,44
361,-956140346,-497271853,Mullens Nick,2018,23,8,qb,123,0,33,0
362,1379942351,717817655,Driskel Jeff,2018,25,9,qb,85,0,35,0
363,-423539018,-1419401162,Jackson Lamar,2018,21,16,qb,158,0,29,0
364,-855079166,-1419401162,Jackson Lamar,2019,22,15,qb,416,152,1,2
365,1386704015,-402446982,Murray Kyler,2019,22,16,qb,285,22,8,50
366,-1406563399,548698347,Allen Kyle,2019,23,13,qb,177,0,28,0
367,1416397987,1112123701,Minshew Gardner,2019,23,14,qb,229,0,19,0
368,71015254,-729841896,Jones Daniel,2019,22,13,qb,215,0,24,0
369,-1361077120,-1774193342,Rudolph Mason,2019,24,10,qb,109,0,30,0
370,1604020978,-1138787627,Haskins Dwayne,2019,22,9,qb,77,0,36,0
371,-209628899,-2033415372,Blough David,2019,24,5,qb,54,0,40,0
372,-464561666,-1844746515,Hodges Devlin,2019,23,8,qb,51,0,41,0
373,1296587681,-1302107800,Lock Drew,2019,23,5,qb,68,0,37,0
