,ptid,qbid,Name,Year,Age,Tm,Pos,No.,G,GS,QBrec,Cmp,Att,Cmp%,Yds,TD,TD%,Int,Int%,1D,Lng,Y/A,AY/A,Y/C,Y/G,Rate,QBR,Sk,Yds,NY/A,ANY/A,Sk%,4QC,GWD,AV
0,-566228438,-2036263229,Manning Peyton,2010,34,clt,qb,18,16,16,10-6-0,450,679,66.3,4700,33,4.9,17,2.5,253,73,6.9,6.8,10.4,293.8,91.9,75.7,16,91,6.63,6.48,2.3,0,2,16
1,-394866964,-2036263229,Manning Peyton,2012,36,den,qb,18,16,16,13-3-0,400,583,68.6,4659,37,6.3,11,1.9,231,71,8.0,8.4,11.6,291.2,105.8,79.6,21,137,7.49,7.89,3.5,3,3,15
2,-806186554,-2036263229,Manning Peyton,2013,37,den,qb,18,16,16,13-3-0,450,659,68.3,5477,55,8.3,10,1.5,291,78,8.3,9.3,12.2,342.3,115.1,80.9,18,120,7.91,8.87,2.7,2,2,19
3,1277556686,-2036263229,Manning Peyton,2014,38,den,qb,18,16,16,12-4-0,395,597,66.2,4727,39,6.5,15,2.5,227,86,7.9,8.1,12.0,295.4,101.5,72.0,17,118,7.51,7.68,2.8,1,1,16
4,-287013210,-2036263229,Manning Peyton,2015,39,den,qb,18,10,9,7-2-0,198,331,59.8,2249,9,2.7,17,5.1,110,75,6.8,5.0,11.4,224.9,67.9,43.9,16,95,6.21,4.52,4.6,3,3,2
5,1924656079,1800805156,Brees Drew,2010,31,nor,qb,9,16,16,11-5-0,448,658,68.1,4620,33,5.0,22,3.3,238,80,7.0,6.5,10.3,288.8,90.9,70.6,25,185,6.49,6.01,3.7,4,5,14
6,-1405348854,1800805156,Brees Drew,2011,32,nor,qb,9,16,16,13-3-0,468,657,71.2,5476,46,7.0,14,2.1,279,79,8.3,8.8,11.7,342.3,110.6,83.0,24,158,7.81,8.23,3.5,3,4,20
7,-2094102569,1800805156,Brees Drew,2012,33,nor,qb,9,16,16,7-9-0,422,670,63.0,5177,43,6.4,19,2.8,266,80,7.7,7.7,12.3,323.6,96.3,68.7,26,190,7.17,7.17,3.7,1,2,15
8,11004564,1800805156,Brees Drew,2013,34,nor,qb,9,16,16,11-5-0,446,650,68.6,5162,39,6.0,12,1.8,246,76,7.9,8.3,11.6,322.6,104.7,69.2,37,244,7.16,7.51,5.4,2,2,17
9,-903055854,1800805156,Brees Drew,2014,35,nor,qb,9,16,16,7-9-0,456,659,69.2,4952,33,5.0,17,2.6,259,69,7.5,7.4,10.9,309.5,97.0,74.8,29,186,6.93,6.77,4.2,2,2,16
10,-1019525959,1800805156,Brees Drew,2015,36,nor,qb,9,15,15,7-8-0,428,627,68.3,4870,32,5.1,11,1.8,228,80,7.8,8.0,11.4,324.7,101.0,70.4,31,235,7.04,7.26,4.7,1,2,14
11,-909748123,1800805156,Brees Drew,2016,37,nor,qb,9,16,16,7-9-0,471,673,70.0,5208,37,5.5,15,2.2,265,98,7.7,7.8,11.1,325.5,101.7,65.1,27,184,7.18,7.27,3.9,2,4,16
12,-472753035,1800805156,Brees Drew,2017,38,nor,qb,9,16,16,11-5-0,386,536,72.0,4334,23,4.3,8,1.5,203,54,8.1,8.3,11.2,270.9,103.9,64.6,20,145,7.53,7.71,3.6,2,2,16
13,-851162915,1800805156,Brees Drew,2018,39,nor,qb,9,15,15,13-2-0,364,489,74.4,3992,32,6.5,5,1.0,223,72,8.2,9.0,11.0,266.1,115.7,80.4,17,121,7.65,8.47,3.4,0,0,17
14,-92230420,1800805156,Brees Drew,2019,40,nor,qb,9,11,11,8-3-0,281,378,74.3,2979,27,7.1,4,1.1,159,61,7.9,8.8,10.6,270.8,116.3,75.7,12,89,7.41,8.33,3.1,1,2,11
15,-753739322,1176270634,Bradford Sam,2010,23,ram,qb,8,16,16,7-9-0,354,590,60.0,3512,18,3.1,15,2.5,179,49,6.0,5.4,9.9,219.5,76.5,47.0,34,244,5.24,4.73,5.4,0,0,9
16,-1240636210,1176270634,Bradford Sam,2011,24,ram,qb,8,10,10,1-9-0,191,357,53.5,2164,6,1.7,6,1.7,104,68,6.1,5.6,11.3,216.4,70.5,30.5,36,248,4.88,4.49,9.2,1,1,3
17,-128349046,1176270634,Bradford Sam,2012,25,ram,qb,8,16,16,7-8-1,328,551,59.5,3702,21,3.8,13,2.4,185,80,6.7,6.4,11.3,231.4,82.6,51.6,35,233,5.92,5.64,6.0,4,3,9
18,-263040322,1176270634,Bradford Sam,2013,26,ram,qb,8,7,7,3-4-0,159,262,60.7,1687,14,5.3,4,1.5,86,73,6.4,6.8,10.6,241.0,90.9,58.8,15,97,5.74,6.1,5.4,1,1,6
19,-874439398,1176270634,Bradford Sam,2015,28,phi,qb,7,14,14,7-7-0,346,532,65.0,3725,19,3.6,14,2.6,170,78,7.0,6.5,10.8,266.1,86.4,42.1,28,200,6.29,5.85,5.0,0,2,9
20,-886573713,1176270634,Bradford Sam,2016,29,min,qb,8,15,15,7-8-0,395,552,71.6,3877,20,3.6,5,0.9,199,71,7.0,7.3,9.8,258.5,99.3,57.3,37,276,6.11,6.41,6.3,1,1,11
21,512103363,388933701,Palmer Carson,2010,31,cin,qb,9,16,16,4-12-0,362,586,61.8,3970,26,4.4,20,3.4,206,78,6.8,6.1,11.0,248.1,82.4,54.6,26,201,6.16,5.54,4.2,1,1,11
22,1526237310,388933701,Palmer Carson,2011,32,rai,qb,3,10,9,4-5-0,199,328,60.7,2753,13,4.0,16,4.9,123,78,8.4,7.0,13.8,275.3,80.5,55.7,17,119,7.63,6.3,4.9,0,1,8
23,-2129751588,388933701,Palmer Carson,2012,33,rai,qb,3,15,15,4-11-0,345,565,61.1,4018,22,3.9,14,2.5,188,64,7.1,6.8,11.6,267.9,85.3,46.6,26,199,6.46,6.14,4.4,2,2,10
24,1272902037,388933701,Palmer Carson,2013,34,crd,qb,3,16,16,10-6-0,362,572,63.3,4274,24,4.2,22,3.8,205,91,7.5,6.6,11.8,267.1,83.9,52.6,41,289,6.5,5.67,6.7,3,4,11
25,-722723150,388933701,Palmer Carson,2014,35,crd,qb,3,6,6,6-0-0,141,224,62.9,1626,11,4.9,3,1.3,82,80,7.3,7.6,11.5,271.0,95.6,63.7,9,59,6.73,7.09,3.9,2,2,4
26,277789420,388933701,Palmer Carson,2015,36,crd,qb,3,16,16,13-3-0,342,537,63.7,4671,35,6.5,11,2.0,231,68,8.7,9.1,13.7,291.9,104.6,77.1,25,151,8.04,8.41,4.4,1,0,16
27,-2000328244,388933701,Palmer Carson,2016,37,crd,qb,3,15,15,6-8-1,364,597,61.0,4233,26,4.4,14,2.3,220,80,7.1,6.9,11.6,282.2,87.2,54.5,40,281,6.2,6.03,6.3,1,3,12
28,-1103330377,388933701,Palmer Carson,2017,38,crd,qb,3,7,7,3-4-0,164,267,61.4,1978,9,3.4,7,2.6,95,46,7.4,6.9,12.1,282.6,84.4,52.5,22,150,6.33,5.86,7.6,2,2,5
29,145721629,-1367097020,Schaub Matt,2010,29,htx,qb,8,16,16,6-10-0,365,574,63.6,4370,24,4.2,12,2.1,221,60,7.6,7.5,12.0,273.1,92.0,62.9,32,226,6.84,6.74,5.3,2,2,17
30,-2073432193,-1367097020,Schaub Matt,2011,30,htx,qb,8,10,10,7-3-0,178,292,61.0,2479,15,5.1,6,2.1,118,80,8.5,8.6,13.9,247.9,96.8,72.9,16,98,7.73,7.83,5.2,0,1,9
31,184322190,-1367097020,Schaub Matt,2012,31,htx,qb,8,16,16,12-4-0,350,544,64.3,4008,22,4.0,12,2.2,203,60,7.4,7.2,11.5,250.5,90.7,61.3,27,216,6.64,6.47,4.7,2,2,12
32,1433568053,-1367097020,Schaub Matt,2013,32,htx,qb,8,10,8,2-6-0,219,358,61.2,2310,10,2.8,14,3.9,116,46,6.5,5.3,10.5,231.0,73.0,36.7,21,162,5.67,4.53,5.5,2,2,3
33,-1487475621,-1537761598,Ryan Matt,2010,25,atl,qb,2,16,16,13-3-0,357,571,62.5,3705,28,4.9,9,1.6,202,46,6.5,6.8,10.4,231.6,91.0,69.8,23,158,5.97,6.23,3.9,0,0,16
34,-1598064027,-1537761598,Ryan Matt,2011,26,atl,qb,2,16,16,10-6-0,347,566,61.3,4177,29,5.1,12,2.1,208,80,7.4,7.5,12.0,261.1,92.2,69.1,26,173,6.76,6.83,4.4,3,3,15
35,438041840,-1537761598,Ryan Matt,2012,27,atl,qb,2,16,16,13-3-0,422,615,68.6,4719,32,5.2,14,2.3,248,80,7.7,7.7,11.2,294.9,99.1,71.6,28,210,7.01,7.03,4.4,4,6,18
36,-138446734,-1537761598,Ryan Matt,2013,28,atl,qb,2,16,16,4-12-0,439,651,67.4,4515,26,4.0,17,2.6,228,81,6.9,6.6,10.3,282.2,89.6,65.0,44,298,6.07,5.72,6.3,1,1,13
37,-956865897,-1537761598,Ryan Matt,2014,29,atl,qb,2,16,16,6-10-0,415,628,66.1,4694,28,4.5,14,2.2,233,79,7.5,7.4,11.3,293.4,93.9,68.4,31,205,6.81,6.71,4.7,3,3,15
38,-2064514135,-1537761598,Ryan Matt,2015,30,atl,qb,2,16,16,8-8-0,407,614,66.3,4591,21,3.4,16,2.6,228,70,7.5,7.0,11.3,286.9,89.0,69.6,30,203,6.81,6.35,4.7,0,0,13
39,533320586,-1537761598,Ryan Matt,2016,31,atl,qb,2,16,16,11-5-0,373,534,69.9,4944,38,7.1,7,1.3,240,76,9.3,10.1,13.3,309.0,117.1,79.4,37,235,8.25,9.03,6.5,1,2,21
40,-1057598666,-1537761598,Ryan Matt,2017,32,atl,qb,2,16,16,10-6-0,342,529,64.7,4095,20,3.8,12,2.3,199,88,7.7,7.5,12.0,255.9,91.4,68.3,24,156,7.12,6.87,4.3,2,3,15
41,-428831201,-1537761598,Ryan Matt,2018,33,atl,qb,2,16,16,7-9-0,422,608,69.4,4924,35,5.8,7,1.2,236,75,8.1,8.7,11.7,307.8,108.1,68.5,42,296,7.12,7.71,6.5,1,1,16
42,-1253809875,-1537761598,Ryan Matt,2019,34,atl,qb,2,15,15,7-8-0,408,616,66.2,4466,26,4.2,14,2.3,228,93,7.3,7.1,10.9,297.7,92.1,60.4,48,316,6.25,6.08,7.2,3,2,13
43,1493655451,-1229183779,Rivers Philip,2010,29,sdg,qb,17,16,16,9-7-0,357,541,66.0,4710,30,5.5,13,2.4,234,59,8.7,8.7,13.2,294.4,101.8,68.1,38,227,7.74,7.77,6.6,1,1,17
44,1864676530,-1229183779,Rivers Philip,2011,30,sdg,qb,17,16,16,8-8-0,366,582,62.9,4624,27,4.6,20,3.4,234,58,7.9,7.3,12.6,289.0,88.7,64.1,30,198,7.23,6.64,4.9,1,1,17
45,1470231011,-1229183779,Rivers Philip,2012,31,sdg,qb,17,16,16,7-9-0,338,527,64.1,3606,26,4.9,15,2.8,184,80,6.8,6.5,10.7,225.4,88.6,42.6,49,311,5.72,5.45,8.5,0,0,10
46,438403824,-1229183779,Rivers Philip,2013,32,sdg,qb,17,16,16,9-7-0,378,544,69.5,4478,32,5.9,11,2.0,233,60,8.2,8.5,11.8,279.9,105.5,75.3,30,150,7.54,7.79,5.2,4,4,16
47,-1354130585,-1229183779,Rivers Philip,2014,33,sdg,qb,17,16,16,9-7-0,379,570,66.5,4286,31,5.4,18,3.2,213,59,7.5,7.2,11.3,267.9,93.8,63.6,36,189,6.76,6.45,5.9,3,3,12
48,-1120191738,-1229183779,Rivers Philip,2015,34,sdg,qb,17,16,16,4-12-0,437,661,66.1,4792,29,4.4,13,2.0,227,80,7.2,7.2,11.0,299.5,93.8,55.7,40,264,6.46,6.45,5.7,1,2,12
49,362451044,-1229183779,Rivers Philip,2016,35,sdg,qb,17,16,16,5-11-0,349,578,60.4,4386,33,5.7,21,3.6,215,59,7.6,7.1,12.6,274.1,87.9,57.5,36,188,6.84,6.37,5.9,1,1,13
50,955029585,-1229183779,Rivers Philip,2017,36,sdg,qb,17,16,16,9-7-0,360,575,62.6,4515,28,4.9,10,1.7,217,75,7.9,8.0,12.5,282.2,96.0,64.1,18,120,7.41,7.6,3.0,2,2,13
51,-1479108205,-1229183779,Rivers Philip,2018,37,sdg,qb,17,16,16,12-4-0,347,508,68.3,4308,32,6.3,12,2.4,235,75,8.5,8.7,12.4,269.3,105.5,69.1,32,204,7.6,7.79,5.9,3,3,14
52,105545099,-1229183779,Rivers Philip,2019,38,sdg,qb,17,16,16,5-11-0,390,591,66.0,4615,23,3.9,20,3.4,217,84,7.8,7.1,11.8,288.4,88.5,50.8,34,222,7.03,6.32,5.4,1,2,13
53,-1770179022,-1687376776,Manning Eli,2010,29,nyg,qb,10,16,16,10-6-0,339,539,62.9,4002,31,5.8,25,4.6,169,92,7.4,6.5,11.8,250.1,85.3,61.1,16,117,7.0,6.09,2.9,1,1,12
54,-1939848986,-1687376776,Manning Eli,2011,30,nyg,qb,10,16,16,9-7-0,359,589,61.0,4933,29,4.9,16,2.7,218,99,8.4,8.1,13.7,308.3,92.9,64.0,28,199,7.67,7.45,4.5,0,0,15
55,503986414,-1687376776,Manning Eli,2012,31,nyg,qb,10,16,16,9-7-0,321,536,59.9,3948,26,4.9,15,2.8,187,80,7.4,7.1,12.3,246.8,87.2,67.0,19,136,6.87,6.59,3.4,3,3,15
56,1504242706,-1687376776,Manning Eli,2013,32,nyg,qb,10,16,16,7-9-0,317,551,57.5,3818,18,3.3,27,4.9,174,70,6.9,5.4,12.0,238.6,69.4,39.3,39,281,5.99,4.55,6.6,1,2,7
57,1638125862,-1687376776,Manning Eli,2014,33,nyg,qb,10,16,16,6-10-0,379,601,63.1,4410,30,5.0,14,2.3,219,80,7.3,7.3,11.6,275.6,92.1,62.5,28,187,6.71,6.67,4.5,1,1,12
58,1068535847,-1687376776,Manning Eli,2015,34,nyg,qb,10,16,16,6-10-0,387,618,62.6,4432,35,5.7,14,2.3,206,87,7.2,7.3,11.5,277.0,93.6,60.5,27,157,6.63,6.74,4.2,1,2,14
59,-1383931352,-1687376776,Manning Eli,2016,35,nyg,qb,10,16,16,11-5-0,377,598,63.0,4027,26,4.3,16,2.7,191,75,6.7,6.4,10.7,251.7,86.0,49.3,21,142,6.28,5.95,3.4,3,6,9
60,-509990678,-1687376776,Manning Eli,2017,36,nyg,qb,10,15,15,3-12-0,352,571,61.6,3468,19,3.3,13,2.3,172,77,6.1,5.7,9.9,231.2,80.4,45.4,31,189,5.45,5.11,5.1,0,1,7
61,-893213305,-1687376776,Manning Eli,2018,37,nyg,qb,10,16,16,5-11-0,380,576,66.0,4299,21,3.6,11,1.9,205,58,7.5,7.3,11.3,268.7,92.4,48.7,47,358,6.33,6.21,7.5,1,2,12
62,-1286030463,1338077178,Sanchez Mark,2010,24,nyj,qb,6,16,16,11-5-0,278,507,54.8,3291,17,3.4,13,2.6,162,74,6.5,6.0,11.8,205.7,75.3,51.6,27,171,5.84,5.38,5.1,3,5,9
63,-793655945,1338077178,Sanchez Mark,2011,25,nyj,qb,6,16,16,8-8-0,308,543,56.7,3474,26,4.8,18,3.3,172,74,6.4,5.9,11.3,217.1,78.2,44.1,39,243,5.55,5.05,6.7,4,4,9
64,2061169351,1338077178,Sanchez Mark,2012,26,nyj,qb,6,15,15,6-9-0,246,453,54.3,2883,13,2.9,18,4.0,146,66,6.4,5.2,11.7,192.2,66.9,27.1,34,209,5.49,4.36,7.0,1,1,5
65,2004408561,1338077178,Sanchez Mark,2014,28,phi,qb,3,9,8,4-4-0,198,309,64.1,2418,14,4.5,11,3.6,119,72,7.8,7.1,12.2,268.7,88.4,57.5,23,151,6.83,6.18,6.9,0,0,7
66,277926425,-404672456,Orton Kyle,2010,28,den,qb,8,13,13,3-10-0,293,498,58.8,3653,20,4.0,9,1.8,173,71,7.3,7.3,12.5,281.0,87.5,53.3,34,243,6.41,6.4,6.4,1,1,11
67,293665416,-404672456,Orton Kyle,2014,32,buf,qb,18,12,12,7-5-0,287,447,64.2,3018,18,4.0,10,2.2,148,84,6.8,6.6,10.5,251.5,87.8,43.9,33,198,5.88,5.69,6.9,2,2,8
68,-649968630,850228064,Brady Tom,2010,33,nwe,qb,12,16,16,14-2-0,324,492,65.9,3900,36,7.3,4,0.8,189,79,7.9,9.0,12.0,243.8,111.0,78.3,25,175,7.21,8.25,4.8,2,3,18
69,-1742332683,850228064,Brady Tom,2011,34,nwe,qb,12,16,16,13-3-0,401,611,65.6,5235,39,6.4,12,2.0,262,99,8.6,9.0,13.1,327.2,105.6,75.2,32,173,7.87,8.25,5.0,1,2,21
70,135168023,850228064,Brady Tom,2012,35,nwe,qb,12,16,16,12-4-0,401,637,63.0,4827,34,5.3,8,1.3,256,83,7.6,8.1,12.0,301.7,98.7,76.1,27,182,7.0,7.48,4.1,1,2,18
71,-1850875346,850228064,Brady Tom,2013,36,nwe,qb,12,16,16,12-4-0,380,628,60.5,4343,25,4.0,11,1.8,226,81,6.9,6.9,11.4,271.4,87.3,62.1,40,256,6.12,6.13,6.0,0,0,13
72,1795365497,850228064,Brady Tom,2014,37,nwe,qb,12,16,16,12-4-0,373,582,64.1,4109,33,5.7,9,1.5,221,69,7.1,7.5,11.0,256.8,97.4,76.2,21,134,6.59,7.01,3.5,2,2,16
73,2098024657,850228064,Brady Tom,2015,38,nwe,qb,12,16,16,12-4-0,402,624,64.4,4770,36,5.8,7,1.1,229,76,7.6,8.3,11.9,298.1,102.2,68.0,38,225,6.87,7.48,5.7,2,2,17
74,-1367090437,850228064,Brady Tom,2016,39,nwe,qb,12,12,12,11-1-0,291,432,67.4,3554,28,6.5,2,0.5,165,79,8.2,9.3,12.2,296.2,112.2,79.1,15,87,7.76,8.81,3.4,1,1,13
75,-1864650531,850228064,Brady Tom,2017,40,nwe,qb,12,16,16,13-3-0,385,581,66.3,4577,32,5.5,8,1.4,230,64,7.9,8.4,11.9,286.1,102.8,73.2,35,201,7.1,7.56,5.7,2,2,19
76,2080259445,850228064,Brady Tom,2018,41,nwe,qb,12,16,16,11-5-0,375,570,65.8,4355,29,5.1,11,1.9,255,63,7.6,7.8,11.6,272.2,97.7,66.6,21,147,7.12,7.26,3.6,1,2,14
77,87957830,850228064,Brady Tom,2019,42,nwe,qb,12,16,16,12-4-0,373,613,60.8,4057,24,3.9,8,1.3,193,59,6.6,6.8,10.9,253.6,88.0,54.5,27,185,6.05,6.24,4.2,1,1,11
78,-203527986,1624208002,Henne Chad,2010,25,mia,qb,7,15,14,6-8-0,301,490,61.4,3301,15,3.1,19,3.9,167,57,6.7,5.6,11.0,220.1,75.4,46.9,30,178,6.01,4.94,5.8,0,1,7
79,1275060659,1624208002,Henne Chad,2012,27,jax,qb,7,10,6,1-5-0,166,308,53.9,2084,11,3.6,11,3.6,86,81,6.8,5.9,12.6,208.4,72.2,27.7,28,169,5.7,4.88,8.3,0,0,4
80,1630053634,1624208002,Henne Chad,2013,28,jax,qb,7,15,13,4-9-0,305,503,60.6,3241,13,2.6,14,2.8,152,62,6.4,5.7,10.6,216.1,76.5,35.0,38,243,5.54,4.86,7.0,1,1,6
81,-15425912,82481976,Flacco Joe,2010,25,rav,qb,5,16,16,12-4-0,306,489,62.6,3622,25,5.1,10,2.0,174,67,7.4,7.5,11.8,226.4,93.6,60.1,40,294,6.29,6.39,7.6,2,4,12
82,2008416928,82481976,Flacco Joe,2011,26,rav,qb,5,16,16,12-4-0,312,542,57.6,3610,20,3.7,12,2.2,180,74,6.7,6.4,11.6,225.6,80.9,62.5,31,203,5.95,5.7,5.4,2,3,12
83,-952714233,82481976,Flacco Joe,2012,27,rav,qb,5,16,16,10-6-0,317,531,59.7,3817,22,4.1,10,1.9,178,61,7.2,7.2,12.0,238.6,87.7,51.1,35,227,6.34,6.33,6.2,3,3,13
84,259080521,82481976,Flacco Joe,2013,28,rav,qb,5,16,16,8-8-0,362,614,59.0,3912,19,3.1,22,3.6,191,74,6.4,5.4,10.8,244.5,73.1,47.8,48,324,5.42,4.5,7.3,2,4,8
85,197739836,82481976,Flacco Joe,2014,29,rav,qb,5,16,16,10-6-0,344,554,62.1,3986,27,4.9,12,2.2,194,80,7.2,7.2,11.6,249.1,91.0,68.2,19,167,6.66,6.66,3.3,2,2,14
86,-1696648327,82481976,Flacco Joe,2015,30,rav,qb,5,10,10,3-7-0,266,413,64.4,2791,14,3.4,12,2.9,125,50,6.8,6.1,10.5,279.1,83.1,49.7,16,124,6.22,5.61,3.7,3,3,5
87,-2118693103,82481976,Flacco Joe,2016,31,rav,qb,5,16,16,8-8-0,436,672,64.9,4317,20,3.0,15,2.2,204,95,6.4,6.0,9.9,269.8,83.5,52.7,33,243,5.78,5.39,4.7,2,2,9
88,-1396604455,82481976,Flacco Joe,2017,32,rav,qb,5,16,16,9-7-0,352,549,64.1,3141,18,3.3,13,2.4,163,66,5.7,5.3,8.9,196.3,80.4,49.8,27,205,5.1,4.71,4.7,0,0,9
89,-1533887382,82481976,Flacco Joe,2018,33,rav,qb,5,9,9,4-5-0,232,379,61.2,2465,12,3.2,6,1.6,119,71,6.5,6.4,10.6,273.9,84.2,56.3,16,79,6.04,5.96,4.1,0,0,7
90,1808648547,-1347550939,Rodgers Aaron,2010,27,gnb,qb,12,15,15,10-5-0,312,475,65.7,3922,28,5.9,11,2.3,183,86,8.3,8.4,12.6,261.5,101.2,69.2,31,193,7.37,7.5,6.1,0,1,15
91,579252043,-1347550939,Rodgers Aaron,2011,28,gnb,qb,12,15,15,14-1-0,343,502,68.3,4643,45,9.0,6,1.2,209,93,9.2,10.5,13.5,309.5,122.5,84.5,36,219,8.22,9.39,6.7,0,1,23
92,1855619940,-1347550939,Rodgers Aaron,2012,29,gnb,qb,12,16,16,11-5-0,371,552,67.2,4295,39,7.1,8,1.4,215,73,7.8,8.5,11.6,268.4,108.0,71.2,51,293,6.64,7.33,8.5,2,3,16
93,-1386726937,-1347550939,Rodgers Aaron,2013,30,gnb,qb,12,9,9,6-3-0,193,290,66.6,2536,17,5.9,6,2.1,108,83,8.7,9.0,13.1,281.8,104.9,60.6,21,117,7.78,8.0,6.8,1,1,9
94,-2039054993,-1347550939,Rodgers Aaron,2014,31,gnb,qb,12,16,16,12-4-0,341,520,65.6,4381,38,7.3,5,1.0,221,80,8.4,9.5,12.8,273.8,112.2,78.3,28,174,7.68,8.65,5.1,1,1,21
95,-899404474,-1347550939,Rodgers Aaron,2015,32,gnb,qb,12,16,16,10-6-0,347,572,60.7,3821,31,5.4,8,1.4,177,65,6.7,7.1,11.0,238.8,92.7,60.3,46,314,5.67,6.1,7.4,2,2,14
96,1045215930,-1347550939,Rodgers Aaron,2016,33,gnb,qb,12,16,16,10-6-0,401,610,65.7,4428,40,6.6,7,1.1,226,60,7.3,8.1,11.0,276.8,104.2,73.8,35,246,6.48,7.24,5.4,0,2,18
97,1660038286,-1347550939,Rodgers Aaron,2017,34,gnb,qb,12,7,7,4-3-0,154,238,64.7,1675,16,6.7,6,2.5,86,72,7.0,7.2,10.9,239.3,97.2,64.4,22,168,5.8,5.99,8.5,2,2,7
98,333560124,-1347550939,Rodgers Aaron,2018,35,gnb,qb,12,16,16,6-9-1,372,597,62.3,4442,25,4.2,2,0.3,200,75,7.4,8.1,11.9,277.6,97.6,54.4,49,353,6.33,6.96,7.6,3,3,13
99,-1386124638,-1347550939,Rodgers Aaron,2019,36,gnb,qb,12,16,16,13-3-0,353,569,62.0,4002,26,4.6,4,0.7,189,74,7.0,7.6,11.3,250.1,95.4,55.6,36,284,6.15,6.71,6.0,2,3,14
100,63072947,-1653268538,Freeman Josh,2010,22,tam,qb,5,16,16,10-6-0,291,474,61.4,3451,25,5.3,6,1.3,167,64,7.3,7.8,11.9,215.7,95.9,70.3,28,195,6.49,6.94,5.6,0,5,14
101,-1153542214,-1653268538,Freeman Josh,2011,23,tam,qb,5,15,15,4-11-0,346,551,62.8,3592,16,2.9,22,4.0,170,65,6.5,5.3,10.4,239.5,74.6,46.7,29,164,5.91,4.76,5.0,1,2,8
102,-287829695,-1653268538,Freeman Josh,2012,24,tam,qb,5,16,16,7-9-0,306,558,54.8,4065,27,4.8,17,3.0,186,95,7.3,6.9,13.3,254.1,81.6,49.4,26,161,6.68,6.3,4.5,1,1,13
103,-1034951681,1965714639,McNabb Donovan,2010,34,was,qb,5,13,13,5-8-0,275,472,58.3,3377,14,3.0,15,3.2,152,76,7.2,6.3,12.3,259.8,77.1,48.2,37,271,6.1,5.33,7.3,2,2,8
104,2016771885,1965714639,McNabb Donovan,2011,35,min,qb,5,6,6,1-5-0,94,156,60.3,1026,4,2.6,2,1.3,52,60,6.6,6.5,10.9,171.0,82.9,55.3,16,113,5.31,5.25,9.3,0,0,4
105,-1094057673,65093758,Cassel Matt,2010,28,kan,qb,7,15,15,10-5-0,262,450,58.2,3116,27,6.0,7,1.6,164,75,6.9,7.4,11.9,207.7,93.0,60.1,26,182,6.16,6.64,5.5,1,2,12
106,485678557,65093758,Cassel Matt,2011,29,kan,qb,7,9,9,4-5-0,160,269,59.5,1713,10,3.7,9,3.3,84,52,6.4,5.6,10.7,190.3,76.6,54.7,22,120,5.47,4.77,7.6,1,2,2
107,55336869,65093758,Cassel Matt,2012,30,kan,qb,7,9,8,1-7-0,161,277,58.1,1796,6,2.2,12,4.3,97,46,6.5,5.0,11.2,199.6,66.7,26.3,19,101,5.73,4.31,6.4,1,1,2
108,-1908546001,65093758,Cassel Matt,2013,31,min,qb,16,9,6,3-3-0,153,254,60.2,1807,11,4.3,9,3.5,83,79,7.1,6.4,11.8,200.8,81.6,51.6,16,85,6.38,5.69,5.9,2,2,6
109,-1123679528,-1429869480,Hasselbeck Matt,2010,35,sea,qb,8,14,14,6-8-0,266,444,59.9,3001,12,2.7,17,3.8,137,87,6.8,5.6,11.3,214.4,73.2,50.3,29,175,5.97,4.86,6.1,0,0,8
110,-120646617,-1429869480,Hasselbeck Matt,2011,36,oti,qb,8,16,16,9-7-0,319,518,61.6,3571,18,3.5,14,2.7,163,80,6.9,6.4,11.2,223.2,82.4,51.4,19,153,6.36,5.86,3.5,2,3,9
111,-199670056,-1429869480,Hasselbeck Matt,2012,37,oti,qb,8,8,5,2-3-0,138,221,62.4,1367,7,3.2,5,2.3,71,37,6.2,5.8,9.9,170.9,81.0,45.0,14,103,5.38,5.02,6.0,2,2,3
112,1098754996,-1429869480,Hasselbeck Matt,2015,40,clt,qb,8,8,8,5-3-0,156,256,60.9,1690,9,3.5,5,2.0,87,57,6.6,6.4,10.8,211.3,84.0,48.0,16,101,5.84,5.68,5.9,1,2,4
113,589349037,1497878995,Fitzpatrick Ryan,2010,28,buf,qb,14,13,13,4-9-0,255,441,57.8,3000,23,5.2,15,3.4,151,65,6.8,6.3,11.8,230.8,81.8,50.7,24,145,6.14,5.68,5.2,1,1,9
114,-91065227,1497878995,Fitzpatrick Ryan,2011,29,buf,qb,14,16,16,6-10-0,353,569,62.0,3832,24,4.2,23,4.0,179,60,6.7,5.8,10.9,239.5,79.1,50.5,22,148,6.23,5.29,3.7,2,2,11
115,-404228283,1497878995,Fitzpatrick Ryan,2012,30,buf,qb,14,16,16,6-10-0,306,505,60.6,3400,24,4.8,16,3.2,175,68,6.7,6.3,11.1,212.5,83.3,43.8,30,161,6.05,5.61,5.6,0,1,11
116,1290331889,1497878995,Fitzpatrick Ryan,2013,31,oti,qb,4,11,9,3-6-0,217,350,62.0,2454,14,4.0,12,3.4,119,77,7.0,6.3,11.3,223.1,82.0,57.2,21,109,6.32,5.62,5.7,2,2,9
117,1630222805,1497878995,Fitzpatrick Ryan,2014,32,htx,qb,14,12,12,6-6-0,197,312,63.1,2483,17,5.4,8,2.6,120,76,8.0,7.9,12.6,206.9,95.3,61.1,21,83,7.21,7.15,6.3,0,0,9
118,49883368,1497878995,Fitzpatrick Ryan,2015,33,nyj,qb,14,16,16,10-6-0,335,562,59.6,3905,31,5.5,15,2.7,197,69,6.9,6.9,11.7,244.1,88.0,63.5,19,94,6.56,6.46,3.3,2,3,13
119,-725741414,1497878995,Fitzpatrick Ryan,2016,34,nyj,qb,14,14,11,3-8-0,228,403,56.6,2710,12,3.0,17,4.2,130,57,6.7,5.4,11.9,193.6,69.6,37.9,19,81,6.23,4.99,4.5,0,0,5
120,-1141092619,1497878995,Fitzpatrick Ryan,2018,36,tam,qb,14,8,7,2-5-0,164,246,66.7,2366,17,6.9,12,4.9,113,75,9.6,8.8,14.4,295.8,100.4,62.1,14,76,8.81,8.04,5.4,0,0,7
121,-875318527,1497878995,Fitzpatrick Ryan,2019,37,mia,qb,14,15,13,5-8-0,311,502,62.0,3529,20,4.0,13,2.6,182,51,7.0,6.7,11.3,235.3,85.5,66.6,40,209,6.13,5.78,7.4,3,4,10
122,-177265235,1770057479,Cutler Jay,2010,27,chi,qb,6,15,15,10-5-0,261,432,60.4,3274,23,5.3,16,3.7,159,89,7.6,7.0,12.5,218.3,86.3,51.1,52,352,6.04,5.5,10.7,4,4,12
123,474805153,1770057479,Cutler Jay,2011,28,chi,qb,6,10,10,7-3-0,182,314,58.0,2319,13,4.1,7,2.2,107,56,7.4,7.2,12.7,231.9,85.7,63.6,23,159,6.41,6.25,6.8,1,1,7
124,-1941862510,1770057479,Cutler Jay,2012,29,chi,qb,6,15,15,10-5-0,255,434,58.8,3033,19,4.4,14,3.2,152,60,7.0,6.4,11.9,202.2,81.3,48.1,38,250,5.9,5.37,8.1,1,1,11
125,-914270459,1770057479,Cutler Jay,2013,30,chi,qb,6,11,11,5-6-0,224,355,63.1,2621,19,5.4,12,3.4,125,67,7.4,6.9,11.7,238.3,89.2,70.9,19,132,6.66,6.23,5.1,3,3,9
126,1439743120,1770057479,Cutler Jay,2014,31,chi,qb,6,15,15,5-10-0,370,561,66.0,3812,28,5.0,18,3.2,181,74,6.8,6.3,10.3,254.1,88.6,51.8,38,223,5.99,5.57,6.3,1,1,11
127,39735512,1770057479,Cutler Jay,2015,32,chi,qb,6,15,15,6-9-0,311,483,64.4,3659,21,4.3,11,2.3,173,87,7.6,7.4,11.8,243.9,92.3,59.9,29,150,6.85,6.71,5.7,0,0,12
128,-1411846362,1770057479,Cutler Jay,2016,33,chi,qb,6,5,5,1-4-0,81,137,59.1,1059,4,2.9,5,3.6,45,54,7.7,6.7,13.1,211.8,78.1,23.2,17,104,6.2,5.26,11.0,0,0,2
129,-816371057,1770057479,Cutler Jay,2017,34,mia,qb,6,14,14,6-8-0,266,429,62.0,2666,19,4.4,14,3.3,138,65,6.2,5.6,10.0,190.4,80.8,45.6,20,154,5.59,5.04,4.5,2,3,5
130,-1623959900,-1749548283,Hill Shaun,2010,30,det,qb,14,11,10,3-7-0,257,416,61.8,2686,16,3.8,12,2.9,120,75,6.5,5.9,10.5,244.2,81.3,51.4,17,113,5.94,5.43,3.9,1,0,8
131,62243122,-1749548283,Hill Shaun,2014,34,ram,qb,14,9,8,3-5-0,145,229,63.3,1657,8,3.5,7,3.1,82,63,7.2,6.6,11.4,184.1,83.9,45.2,18,116,6.24,5.61,7.3,0,0,4
132,645699554,766382453,Roethlisberger Ben,2010,28,pit,qb,7,12,12,9-3-0,240,389,61.7,3200,17,4.4,5,1.3,149,56,8.2,8.5,13.3,266.7,97.0,68.2,32,220,7.08,7.35,7.6,2,3,12
133,1237525272,766382453,Roethlisberger Ben,2011,29,pit,qb,7,15,15,11-4-0,324,513,63.2,4077,21,4.1,14,2.7,210,95,7.9,7.5,12.6,271.8,90.1,65.0,40,269,6.89,6.51,7.2,1,1,12
134,1696907002,766382453,Roethlisberger Ben,2012,30,pit,qb,7,13,13,7-6-0,284,449,63.3,3265,26,5.8,8,1.8,167,82,7.3,7.6,11.5,251.2,97.0,71.3,30,182,6.44,6.77,6.3,2,3,10
135,730394011,766382453,Roethlisberger Ben,2013,31,pit,qb,7,16,16,8-8-0,375,584,64.2,4261,28,4.8,14,2.4,211,67,7.3,7.2,11.4,266.3,92.0,58.1,42,282,6.36,6.24,6.7,1,3,13
136,-1071121756,766382453,Roethlisberger Ben,2014,32,pit,qb,7,16,16,11-5-0,408,608,67.1,4952,32,5.3,9,1.5,244,94,8.1,8.5,12.1,309.5,103.3,68.7,33,172,7.46,7.82,5.1,2,3,15
137,1884418105,766382453,Roethlisberger Ben,2015,33,pit,qb,7,12,11,7-4-0,319,469,68.0,3938,21,4.5,16,3.4,175,69,8.4,7.8,12.3,328.2,94.5,71.1,20,141,7.76,7.15,4.1,1,1,12
138,173736002,766382453,Roethlisberger Ben,2016,34,pit,qb,7,14,14,10-4-0,328,509,64.4,3819,29,5.7,13,2.6,184,72,7.5,7.5,11.6,272.8,95.4,61.8,17,141,6.99,6.98,3.2,2,2,12
139,-1698605195,766382453,Roethlisberger Ben,2017,35,pit,qb,7,15,15,12-3-0,360,561,64.2,4251,28,5.0,14,2.5,204,97,7.6,7.5,11.8,283.4,93.4,66.3,21,139,7.07,6.95,3.6,0,0,14
140,359952873,766382453,Roethlisberger Ben,2018,36,pit,qb,7,16,16,9-6-1,452,675,67.0,5129,34,5.0,16,2.4,248,97,7.6,7.5,11.3,320.6,96.5,71.0,24,166,7.1,7.04,3.4,2,3,14
141,-248489069,2111143530,Vick Michael,2010,30,phi,qb,7,12,12,8-3-0,233,372,62.6,3018,21,5.6,6,1.6,119,91,8.1,8.5,13.0,251.5,100.2,65.0,34,210,6.92,7.29,8.4,4,3,15
142,-443458450,2111143530,Vick Michael,2011,31,phi,qb,7,13,13,7-6-0,253,423,59.8,3303,18,4.3,14,3.3,154,73,7.8,7.2,13.1,254.1,84.9,60.9,23,126,7.12,6.52,5.2,0,0,13
143,-847248203,2111143530,Vick Michael,2012,32,phi,qb,7,10,10,3-7-0,204,351,58.1,2362,12,3.4,10,2.8,115,77,6.7,6.1,11.6,236.2,78.1,47.0,28,153,5.83,5.27,7.4,3,3,7
144,1231946671,2111143530,Vick Michael,2013,33,phi,qb,7,7,6,2-4-0,77,141,54.6,1215,5,3.5,3,2.1,52,70,8.6,8.4,15.8,173.6,86.5,53.5,15,99,7.15,6.93,9.6,0,0,5
145,1349556707,-240298878,Garrard David,2010,32,jax,qb,9,14,14,8-6-0,236,366,64.5,2734,23,6.3,15,4.1,130,75,7.5,6.9,11.6,195.3,90.8,67.0,33,253,6.22,5.68,8.3,1,5,12
146,-231775879,947900537,Favre Brett,2010,41,min,qb,4,13,13,5-8-0,217,358,60.6,2509,11,3.1,19,5.3,112,53,7.0,5.2,11.6,193.0,69.9,35.2,22,139,6.24,4.57,5.8,1,2,5
147,-186047462,-245464400,Smith Alex,2010,26,sfo,qb,11,11,10,3-7-0,204,342,59.6,2370,14,4.1,10,2.9,102,62,6.9,6.4,11.6,215.5,82.1,44.4,25,140,6.08,5.61,6.8,0,0,6
148,-1010484510,-245464400,Smith Alex,2011,27,sfo,qb,11,16,16,13-3-0,273,445,61.3,3144,17,3.8,5,1.1,145,56,7.1,7.3,11.5,196.5,90.7,53.0,44,263,5.89,6.13,9.0,0,5,13
149,-1500773880,-245464400,Smith Alex,2012,28,sfo,qb,11,10,9,6-2-1,153,218,70.2,1737,13,6.0,5,2.3,87,55,8.0,8.1,11.4,173.7,104.1,65.1,24,137,6.61,6.76,9.9,0,0,7
150,-825605151,-245464400,Smith Alex,2013,29,kan,qb,11,15,15,11-4-0,308,508,60.6,3313,23,4.5,7,1.4,168,71,6.5,6.8,10.8,220.9,89.1,47.1,39,210,5.67,5.94,7.1,1,1,14
151,2041242847,-245464400,Smith Alex,2014,30,kan,qb,11,15,15,8-7-0,303,464,65.3,3265,18,3.9,6,1.3,179,70,7.0,7.2,10.8,217.7,93.4,51.7,45,229,5.96,6.14,8.8,3,3,13
152,1463839808,-245464400,Smith Alex,2015,31,kan,qb,11,16,16,11-5-0,307,470,65.3,3486,20,4.3,7,1.5,155,80,7.4,7.6,11.4,217.9,95.4,58.4,45,235,6.31,6.48,8.7,1,1,16
153,-1544738786,-245464400,Smith Alex,2016,32,kan,qb,11,15,15,11-4-0,328,489,67.1,3502,15,3.1,8,1.6,182,80,7.2,7.0,10.7,233.5,91.2,58.0,28,140,6.5,6.39,5.4,3,3,12
154,1703155008,-245464400,Smith Alex,2017,33,kan,qb,11,15,15,9-6-0,341,505,67.5,4042,26,5.1,5,1.0,182,79,8.0,8.6,11.9,269.5,104.7,67.0,35,207,7.1,7.65,6.5,1,3,17
155,-1544154520,-245464400,Smith Alex,2018,34,was,qb,11,10,10,6-4-0,205,328,62.5,2180,10,3.0,5,1.5,106,52,6.6,6.6,10.6,218.0,85.7,51.4,22,121,5.88,5.81,6.3,0,0,6
156,-32938102,124617583,Campbell Jason,2010,29,rai,qb,8,13,12,7-5-0,194,329,59.0,2387,13,4.0,8,2.4,111,73,7.3,7.0,12.3,183.6,84.5,49.2,33,208,6.02,5.74,9.1,2,2,9
157,416798382,124617583,Campbell Jason,2011,30,rai,qb,8,6,6,4-2-0,100,165,60.6,1170,6,3.6,4,2.4,56,58,7.1,6.7,11.7,195.0,84.2,55.1,5,19,6.77,6.42,2.9,1,1,4
158,-2109793987,124617583,Campbell Jason,2013,32,cle,qb,17,9,8,1-7-0,180,317,56.8,2015,11,3.5,8,2.5,86,80,6.4,5.9,11.2,223.9,76.9,41.4,16,104,5.74,5.32,4.8,0,0,4
159,445889153,-1233585796,Anderson Derek,2010,27,crd,qb,3,12,9,2-7-0,169,327,51.7,2065,7,2.1,10,3.1,96,43,6.3,5.4,12.2,172.1,65.9,30.9,25,176,5.37,4.49,7.1,1,1,3
160,1475232570,-1848808404,Kitna Jon,2010,38,dal,qb,3,10,9,4-5-0,209,318,65.7,2365,16,5.0,12,3.8,97,71,7.4,6.7,11.3,236.5,88.9,55.7,21,100,6.68,6.03,6.2,1,2,8
161,-221681835,-1732958096,Clausen Jimmy,2010,23,car,qb,2,13,10,1-9-0,157,299,52.5,1558,3,1.0,9,3.0,73,55,5.2,4.1,9.9,119.8,58.4,13.2,33,223,4.02,2.98,9.9,0,0,0
162,-2041251292,436547542,Collins Kerry,2010,38,oti,qb,5,10,7,2-5-0,160,278,57.6,1823,14,5.0,8,2.9,90,80,6.6,6.3,11.4,182.3,82.2,59.4,13,91,5.95,5.68,4.5,1,1,6
163,-270446972,-1285512837,McCoy Colt,2010,24,cle,qb,12,8,8,2-6-0,135,222,60.8,1576,6,2.7,9,4.1,77,47,7.1,5.8,11.7,197.0,74.5,53.0,23,132,5.89,4.73,9.4,0,0,5
164,58891958,-1285512837,McCoy Colt,2011,25,cle,qb,12,13,13,4-9-0,265,463,57.2,2733,14,3.0,11,2.4,142,56,5.9,5.4,10.3,210.2,74.6,44.4,32,173,5.17,4.74,6.5,1,3,5
165,-35493389,1688629730,Romo Tony,2010,30,dal,qb,9,6,6,1-5-0,148,213,69.5,1605,11,5.2,7,3.3,73,69,7.5,7.1,10.8,267.5,94.9,68.1,7,41,7.11,6.68,3.2,0,0,6
166,479940232,1688629730,Romo Tony,2011,31,dal,qb,9,16,16,8-8-0,346,522,66.3,4184,31,5.9,10,1.9,203,77,8.0,8.3,12.1,261.5,102.5,69.5,36,227,7.09,7.4,6.5,4,4,13
167,1889444469,1688629730,Romo Tony,2012,32,dal,qb,9,16,16,8-8-0,425,648,65.6,4903,28,4.3,19,2.9,232,85,7.6,7.1,11.5,306.4,90.5,65.4,36,263,6.78,6.35,5.3,0,5,14
168,1291999873,1688629730,Romo Tony,2013,33,dal,qb,9,15,15,8-7-0,342,535,63.9,3828,31,5.8,10,1.9,198,82,7.2,7.5,11.2,255.2,96.7,62.0,35,272,6.24,6.54,6.1,2,4,13
169,-1010204932,1688629730,Romo Tony,2014,34,dal,qb,9,15,15,12-3-0,304,435,69.9,3705,34,7.8,9,2.1,191,68,8.5,9.1,12.2,247.0,113.2,79.7,29,215,7.52,8.11,6.3,3,4,15
170,1584117425,-481190082,Kolb Kevin,2010,26,phi,qb,4,7,5,2-3-0,115,189,60.8,1197,7,3.7,7,3.7,58,83,6.3,5.4,10.4,171.0,76.1,46.4,15,99,5.38,4.52,7.4,0,0,3
171,-513849089,-481190082,Kolb Kevin,2011,27,crd,qb,4,9,9,3-6-0,146,253,57.7,1955,9,3.6,8,3.2,87,73,7.7,7.0,13.4,217.2,81.1,34.0,30,219,6.13,5.5,10.6,2,1,5
172,-708565011,-481190082,Kolb Kevin,2012,28,crd,qb,4,6,5,3-2-0,109,183,59.6,1169,8,4.4,3,1.6,63,46,6.4,6.5,10.7,194.8,86.1,42.7,27,159,4.81,4.93,12.9,2,2,3
173,-70285126,1659604712,Young Vince,2010,27,oti,qb,10,9,8,4-4-0,93,156,59.6,1255,10,6.4,3,1.9,58,71,8.0,8.5,13.5,139.4,98.6,59.8,13,80,6.95,7.34,7.7,0,1,6
174,-1420771015,-1469818203,Smith Troy,2010,26,sfo,qb,1,6,6,3-3-0,73,145,50.3,1176,5,3.4,4,2.8,43,66,8.1,7.6,16.1,196.0,77.8,38.5,18,112,6.53,6.04,11.0,2,2,4
175,-362818858,-228175958,Moore Matt,2010,26,car,qb,3,6,5,1-4-0,79,143,55.2,857,5,3.5,10,7.0,47,39,6.0,3.5,10.8,142.8,55.6,32.8,13,90,4.92,2.67,8.3,1,1,2
176,-1926424061,-228175958,Moore Matt,2011,27,mia,qb,8,13,12,6-6-0,210,347,60.5,2497,16,4.6,9,2.6,122,65,7.2,7.0,11.9,192.1,87.1,57.2,36,229,5.92,5.7,9.4,1,1,8
177,1822060749,-950977101,Skelton John,2011,23,crd,qb,19,8,7,5-2-0,151,275,54.9,1913,11,4.0,14,5.1,81,60,7.0,5.5,12.7,239.1,68.9,34.9,23,162,5.88,4.5,7.7,4,5,4
178,96245885,-950977101,Skelton John,2012,24,crd,qb,19,7,6,1-5-0,109,201,54.2,1132,2,1.0,9,4.5,55,40,5.6,3.8,10.4,161.7,55.4,18.3,15,98,4.79,3.1,6.9,1,1,2
179,-1425874562,-580681276,Stafford Matthew,2011,23,det,qb,9,16,16,10-6-0,421,663,63.5,5038,41,6.2,16,2.4,243,73,7.6,7.7,12.0,314.9,97.2,61.6,36,257,6.84,6.98,5.2,3,4,16
180,641050957,-580681276,Stafford Matthew,2012,24,det,qb,9,16,16,4-12-0,435,727,59.8,4967,20,2.8,17,2.3,267,57,6.8,6.3,11.4,310.4,79.8,56.1,29,212,6.29,5.81,3.8,3,3,13
181,-1949923100,-580681276,Stafford Matthew,2013,25,det,qb,9,16,16,7-9-0,371,634,58.5,4650,29,4.6,19,3.0,223,87,7.3,6.9,12.5,290.6,84.2,56.2,23,168,6.82,6.4,3.5,2,3,13
182,1969798579,-580681276,Stafford Matthew,2014,26,det,qb,9,16,16,11-5-0,363,602,60.3,4257,22,3.7,12,2.0,212,73,7.1,6.9,11.7,266.1,85.7,47.3,45,254,6.19,6.03,7.0,0,0,12
183,-2105663022,-580681276,Stafford Matthew,2015,27,det,qb,9,16,16,7-9-0,398,592,67.2,4262,32,5.4,13,2.2,224,57,7.2,7.3,10.7,266.4,97.0,58.5,44,251,6.31,6.39,6.9,2,3,13
184,798657369,-580681276,Stafford Matthew,2016,28,det,qb,9,16,16,9-7-0,388,594,65.3,4327,24,4.0,10,1.7,218,73,7.3,7.3,11.2,270.4,93.3,66.5,37,216,6.52,6.56,5.9,0,0,14
185,-644838943,-580681276,Stafford Matthew,2017,29,det,qb,9,16,16,9-7-0,371,565,65.7,4446,29,5.1,10,1.8,210,71,7.9,8.1,12.0,277.9,99.3,65.3,47,287,6.8,7.01,7.7,1,0,14
186,-1490255330,-580681276,Stafford Matthew,2018,30,det,qb,9,16,16,6-10-0,367,555,66.1,3777,21,3.8,11,2.0,197,67,6.8,6.7,10.3,236.1,89.9,48.4,40,255,5.92,5.79,6.7,0,1,10
187,1431471917,-580681276,Stafford Matthew,2019,31,det,qb,9,8,8,3-4-1,187,291,64.3,2499,19,6.5,5,1.7,117,66,8.6,9.1,13.4,312.4,106.0,74.7,18,137,7.64,8.15,5.8,2,1,8
188,1224759035,663761021,Newton Cam,2011,22,car,qb,1,16,16,6-10-0,310,517,60.0,4051,21,4.1,17,3.3,176,91,7.8,7.2,13.1,253.2,84.5,58.1,35,260,6.87,6.24,6.3,1,1,19
189,-1768741632,663761021,Newton Cam,2012,23,car,qb,1,16,16,7-9-0,280,485,57.7,3869,19,3.9,12,2.5,171,82,8.0,7.6,13.8,241.8,86.2,58.3,36,244,6.96,6.65,6.9,1,1,16
190,482772758,663761021,Newton Cam,2013,24,car,qb,1,16,16,12-4-0,292,473,61.7,3379,24,5.1,13,2.7,172,79,7.1,6.9,11.6,211.2,88.8,64.3,43,336,5.9,5.69,8.3,4,4,16
191,-7941063,663761021,Newton Cam,2014,25,car,qb,1,14,14,5-8-1,262,448,58.5,3127,18,4.0,12,2.7,156,51,7.0,6.6,11.9,223.4,82.1,57.3,38,300,5.82,5.45,7.8,3,2,12
192,-1852370488,663761021,Newton Cam,2015,26,car,qb,1,16,16,15-1-0,296,495,59.8,3837,35,7.1,10,2.0,195,74,7.8,8.3,13.0,239.8,99.4,67.0,33,284,6.73,7.2,6.3,3,0,20
193,278864677,663761021,Newton Cam,2016,27,car,qb,1,15,14,6-8-0,270,510,52.9,3509,19,3.7,14,2.7,173,88,6.9,6.4,13.0,233.9,75.8,48.0,36,277,5.92,5.46,6.6,0,0,11
194,-227323830,663761021,Newton Cam,2017,28,car,qb,1,16,16,11-5-0,291,492,59.1,3302,22,4.5,16,3.3,167,64,6.7,6.1,11.3,206.4,80.7,53.3,35,242,5.81,5.28,6.6,1,3,15
195,1773529870,663761021,Newton Cam,2018,29,car,qb,1,14,14,6-8-0,320,471,67.9,3395,24,5.1,13,2.8,180,82,7.2,7.0,10.6,242.5,94.2,55.0,29,213,6.36,6.15,5.8,2,2,13
196,1000424614,1476570788,Dalton Andy,2011,24,cin,qb,14,16,16,9-7-0,300,516,58.1,3398,20,3.9,13,2.5,151,84,6.6,6.2,11.3,212.4,80.4,46.9,24,160,6.0,5.65,4.4,4,4,11
197,1506685151,1476570788,Dalton Andy,2012,25,cin,qb,14,16,16,10-6-0,329,528,62.3,3669,27,5.1,16,3.0,172,59,6.9,6.6,11.2,229.3,87.4,47.7,46,229,5.99,5.68,8.0,1,3,12
198,1805638784,1476570788,Dalton Andy,2013,26,cin,qb,14,16,16,11-5-0,363,586,61.9,4293,33,5.6,20,3.4,206,82,7.3,6.9,11.8,268.3,88.8,55.1,29,182,6.68,6.29,4.7,1,3,14
199,326715264,1476570788,Dalton Andy,2014,27,cin,qb,14,16,16,10-5-1,309,481,64.2,3398,19,4.0,17,3.5,160,81,7.1,6.3,11.0,212.4,83.5,48.5,21,124,6.52,5.75,4.2,4,3,11
200,-657282178,1476570788,Dalton Andy,2015,28,cin,qb,14,13,13,10-3-0,255,386,66.1,3250,25,6.5,7,1.8,148,80,8.4,8.9,12.7,250.0,106.2,70.0,20,118,7.71,8.17,4.9,3,3,13
201,515473922,1476570788,Dalton Andy,2016,29,cin,qb,14,16,16,6-9-1,364,563,64.7,4206,18,3.2,8,1.4,206,86,7.5,7.5,11.6,262.9,91.8,50.8,41,264,6.53,6.53,6.8,2,1,12
202,1483358431,1476570788,Dalton Andy,2017,30,cin,qb,14,16,16,7-9-0,297,496,59.9,3320,25,5.0,12,2.4,163,77,6.7,6.6,11.2,207.5,86.6,45.7,39,255,5.73,5.65,7.3,0,3,10
203,469443862,1476570788,Dalton Andy,2018,31,cin,qb,14,11,11,5-6-0,226,365,61.9,2566,21,5.8,11,3.0,132,49,7.0,6.8,11.4,233.3,89.6,62.3,21,157,6.24,6.05,5.4,3,4,8
204,-2048303940,1476570788,Dalton Andy,2019,32,cin,qb,14,13,13,2-11-0,314,528,59.5,3494,16,3.0,14,2.7,170,66,6.6,6.0,11.1,268.8,78.3,38.9,37,249,5.74,5.19,6.5,0,0,7
205,-1229358843,190205551,Grossman Rex,2011,31,was,qb,8,13,13,5-8-0,265,458,57.9,3151,16,3.5,20,4.4,161,51,6.9,5.6,11.9,242.4,72.4,42.7,25,201,6.11,4.91,5.2,2,2,6
206,1694898305,-1979381499,Jackson Tarvaris,2011,28,sea,qb,7,15,14,7-7-0,271,450,60.2,3091,14,3.1,13,2.9,139,61,6.9,6.2,11.4,206.1,79.2,44.7,42,293,5.69,5.07,8.5,0,0,9
207,912928942,-1146984473,Gabbert Blaine,2011,22,jax,qb,11,15,14,4-10-0,210,413,50.8,2214,12,2.9,11,2.7,111,74,5.4,4.7,10.5,147.6,65.4,22.1,40,293,4.24,3.68,8.8,0,0,4
208,-1324296305,-1146984473,Gabbert Blaine,2012,23,jax,qb,11,10,10,1-9-0,162,278,58.3,1662,9,3.2,6,2.2,72,80,6.0,5.7,10.3,166.2,77.4,36.1,22,158,5.01,4.71,7.3,1,1,3
209,-1833643243,-1146984473,Gabbert Blaine,2015,26,sfo,qb,2,8,8,3-5-0,178,282,63.1,2031,10,3.5,7,2.5,85,71,7.2,6.8,11.4,253.9,86.2,37.8,25,164,6.08,5.71,8.1,2,2,5
210,1567812692,-1146984473,Gabbert Blaine,2016,27,sfo,qb,2,6,5,1-4-0,91,160,56.9,925,5,3.1,6,3.8,50,75,5.8,4.7,10.2,154.2,68.4,53.7,11,48,5.13,4.13,6.4,0,0,0
211,-1890907581,-1146984473,Gabbert Blaine,2017,28,crd,qb,7,5,5,2-3-0,95,171,55.6,1086,6,3.5,6,3.5,55,52,6.4,5.5,11.4,217.2,71.9,30.6,23,149,4.83,4.06,11.9,2,2,2
212,-866538336,1562025141,Ponder Christian,2011,23,min,qb,7,11,10,2-8-0,158,291,54.3,1853,13,4.5,13,4.5,92,72,6.4,5.3,11.7,168.5,70.1,33.4,30,164,5.26,4.25,9.3,0,1,5
213,1058205462,1562025141,Ponder Christian,2012,24,min,qb,7,16,16,10-6-0,300,483,62.1,2935,18,3.7,12,2.5,166,65,6.1,5.7,9.8,183.4,81.2,52.1,32,184,5.34,4.99,6.2,1,2,11
214,-1132427359,1562025141,Ponder Christian,2013,25,min,qb,7,9,9,2-6-1,152,239,63.6,1648,7,2.9,9,3.8,83,47,6.9,5.8,10.8,183.1,77.9,42.8,27,119,5.75,4.75,10.2,1,0,6
215,308490854,-2022053111,Tebow Tim,2011,24,den,qb,15,14,11,7-4-0,126,271,46.5,1729,12,4.4,6,2.2,77,56,6.4,6.3,13.7,123.5,72.9,39.6,33,225,4.95,4.85,10.9,0,5,8
216,1760495514,-1615191615,Painter Curtis,2011,26,clt,qb,7,9,8,0-8-0,132,243,54.3,1541,6,2.5,9,3.7,71,87,6.3,5.2,11.7,171.2,66.6,30.4,16,104,5.55,4.45,6.2,0,0,2
217,1561375196,2006213299,Orlovsky Dan,2011,28,clt,qb,6,8,5,2-3-0,122,193,63.2,1201,6,3.1,4,2.1,71,40,6.2,5.9,9.8,150.1,82.4,44.3,14,84,5.4,5.11,6.8,1,1,2
218,-1384372606,-727174483,Luck Andrew,2012,23,clt,qb,12,16,16,11-5-0,339,627,54.1,4374,23,3.7,18,2.9,208,70,7.0,6.4,12.9,273.4,76.5,65.6,41,246,6.18,5.66,6.1,4,0,13
219,-856906739,-727174483,Luck Andrew,2013,24,clt,qb,12,16,16,11-5-0,343,570,60.2,3822,23,4.0,9,1.6,189,73,6.7,6.8,11.1,238.9,87.0,63.7,32,227,5.97,6.06,5.3,3,3,15
220,-283077395,-727174483,Luck Andrew,2014,25,clt,qb,12,16,16,11-5-0,380,616,61.7,4761,40,6.5,16,2.6,235,80,7.7,7.9,12.5,297.6,96.5,62.6,27,161,7.15,7.28,4.2,1,1,16
221,1830857064,-727174483,Luck Andrew,2015,26,clt,qb,12,7,7,2-5-0,162,293,55.3,1881,15,5.1,12,4.1,92,87,6.4,5.6,11.6,268.7,74.9,49.4,15,88,5.82,5.04,4.9,1,2,4
222,-2104374607,-727174483,Luck Andrew,2016,27,clt,qb,12,15,15,8-7-0,346,545,63.5,4240,31,5.7,13,2.4,206,64,7.8,7.8,12.3,282.7,96.4,65.9,41,268,6.78,6.84,7.0,4,4,16
223,-366881581,-727174483,Luck Andrew,2018,29,clt,qb,12,16,16,10-6-0,430,639,67.3,4593,39,6.1,15,2.3,260,68,7.2,7.4,10.7,287.1,98.7,69.4,18,134,6.79,6.95,2.7,3,3,15
224,1311317725,-1852919812,Weeden Brandon,2012,29,cle,qb,3,15,15,5-10-0,297,517,57.4,3385,14,2.7,17,3.3,169,71,6.5,5.6,11.4,225.7,72.6,33.9,28,186,5.87,4.98,5.1,1,1,8
225,-485830047,-1852919812,Weeden Brandon,2013,30,cle,qb,3,8,5,0-5-0,141,267,52.8,1731,9,3.4,9,3.4,81,95,6.5,5.6,12.3,216.4,70.3,34.3,27,180,5.28,4.51,9.2,0,1,3
226,-426230586,-1153590125,Tannehill Ryan,2012,24,mia,qb,17,16,16,7-9-0,282,484,58.3,3294,12,2.5,13,2.7,151,80,6.8,6.1,11.7,205.9,76.1,48.4,35,234,5.9,5.23,6.7,1,1,10
227,2081244773,-1153590125,Tannehill Ryan,2013,25,mia,qb,17,16,16,8-8-0,355,588,60.4,3913,24,4.1,17,2.9,204,67,6.7,6.2,11.0,244.6,81.7,49.3,58,399,5.44,5.0,9.0,4,3,10
228,-1790977454,-1153590125,Tannehill Ryan,2014,26,mia,qb,17,16,16,8-8-0,392,590,66.4,4045,27,4.6,12,2.0,225,50,6.9,6.9,10.3,252.8,92.8,59.3,46,337,5.83,5.83,7.2,2,1,14
229,227148779,-1153590125,Tannehill Ryan,2015,27,mia,qb,17,16,16,6-10-0,363,586,61.9,4208,24,4.1,12,2.0,195,54,7.2,7.1,11.6,263.0,88.7,46.3,45,420,6.0,5.91,7.1,2,2,11
230,206992073,-1153590125,Tannehill Ryan,2016,28,mia,qb,17,13,13,8-5-0,261,389,67.1,2995,19,4.9,12,3.1,134,74,7.7,7.3,11.5,230.4,93.5,49.4,29,216,6.65,6.27,6.9,3,3,10
231,-225547452,-1153590125,Tannehill Ryan,2018,30,mia,qb,17,11,11,5-6-0,176,274,64.2,1979,17,6.2,9,3.3,92,75,7.2,7.0,11.2,179.9,92.7,31.0,35,279,5.5,5.29,11.3,3,3,6
232,-1957567716,-1153590125,Tannehill Ryan,2019,31,oti,qb,17,12,10,7-3-0,201,286,70.3,2742,22,7.7,6,2.1,126,91,9.6,10.2,13.6,228.5,117.5,67.2,31,212,7.98,8.52,9.8,2,3,11
233,1360796544,-699196471,Griffin Robert,2012,22,was,qb,10,15,15,9-6-0,258,393,65.6,3200,20,5.1,5,1.3,151,88,8.1,8.6,12.4,213.3,102.4,69.4,30,217,7.05,7.47,7.1,3,2,18
234,844565148,-699196471,Griffin Robert,2013,23,was,qb,10,13,13,3-10-0,274,456,60.1,3203,16,3.5,12,2.6,159,62,7.0,6.5,11.7,246.4,82.2,51.8,38,274,5.93,5.48,7.7,1,2,10
235,-1207334424,-699196471,Griffin Robert,2014,24,was,qb,10,9,7,2-5-0,147,214,68.7,1694,4,1.9,6,2.8,70,69,7.9,7.0,11.5,188.2,86.9,28.3,33,227,5.94,5.17,13.4,0,1,5
236,871143230,-699196471,Griffin Robert,2016,26,cle,qb,10,5,5,1-4-0,87,147,59.2,886,2,1.4,3,2.0,43,58,6.0,5.4,10.2,177.2,72.5,36.4,22,138,4.43,3.86,13.0,0,0,3
237,941971644,-1576629714,Wilson Russell,2012,24,sea,qb,3,16,16,11-5-0,252,393,64.1,3118,26,6.6,10,2.5,153,67,7.9,8.1,12.4,194.9,100.0,72.7,33,203,6.84,7.01,7.7,3,4,16
238,392795152,-1576629714,Wilson Russell,2013,25,sea,qb,3,16,16,13-3-0,257,407,63.1,3357,26,6.4,9,2.2,157,80,8.2,8.5,13.1,209.8,101.2,66.8,44,272,6.84,7.1,9.8,3,4,16
239,-1201958768,-1576629714,Wilson Russell,2014,26,sea,qb,3,16,16,12-4-0,285,452,63.1,3475,20,4.4,7,1.5,161,80,7.7,7.9,12.2,217.2,95.0,71.5,42,242,6.54,6.72,8.5,1,4,19
240,345892721,-1576629714,Wilson Russell,2015,27,sea,qb,3,16,16,10-6-0,329,483,68.1,4024,34,7.0,8,1.7,190,80,8.3,9.0,12.2,251.5,110.1,67.3,45,265,7.12,7.73,8.5,2,2,19
241,1849632805,-1576629714,Wilson Russell,2016,28,sea,qb,3,16,16,10-5-1,353,546,64.7,4219,21,3.8,11,2.0,193,59,7.7,7.6,12.0,263.7,92.6,56.8,41,293,6.69,6.56,7.0,4,3,14
242,-1207288848,-1576629714,Wilson Russell,2017,29,sea,qb,3,16,16,9-7-0,339,553,61.3,3983,34,6.1,11,2.0,189,74,7.2,7.5,11.7,248.9,95.4,61.7,43,322,6.14,6.45,7.2,2,2,16
243,-1674954079,-1576629714,Wilson Russell,2018,30,sea,qb,3,16,16,10-6-0,280,427,65.6,3448,35,8.2,7,1.6,162,66,8.1,9.0,12.3,215.5,110.9,62.8,51,355,6.47,7.28,10.7,2,4,14
244,805841854,-1576629714,Wilson Russell,2019,31,sea,qb,3,16,16,11-5-0,341,516,66.1,4110,31,6.0,5,1.0,190,60,8.0,8.7,12.1,256.9,106.3,71.2,48,319,6.72,7.42,8.5,0,0,15
245,787990015,1132117231,Locker Jake,2012,24,oti,qb,10,11,11,4-7-0,177,314,56.4,2176,10,3.2,11,3.5,94,71,6.9,6.0,12.3,197.8,74.0,42.0,25,151,5.97,5.1,7.4,0,1,6
246,-1230653698,1132117231,Locker Jake,2013,25,oti,qb,10,7,7,4-3-0,111,183,60.7,1256,8,4.4,4,2.2,58,66,6.9,6.8,11.3,179.4,86.7,58.7,16,105,5.78,5.68,8.0,1,2,5
247,-1889451201,1132117231,Locker Jake,2014,26,oti,qb,10,7,5,1-4-0,86,146,58.9,993,5,3.4,7,4.8,47,61,6.8,5.3,11.5,141.9,70.9,43.8,14,85,5.68,4.33,8.8,0,0,3
248,979552597,-1457882352,Foles Nick,2012,23,phi,qb,9,7,6,1-5-0,161,265,60.8,1699,6,2.3,5,1.9,78,46,6.4,6.0,10.6,242.7,79.1,51.2,20,131,5.5,5.13,7.0,1,1,4
249,896024638,-1457882352,Foles Nick,2013,24,phi,qb,9,13,10,8-2-0,203,317,64.0,2891,27,8.5,2,0.6,130,63,9.1,10.5,14.2,222.4,119.2,71.5,28,173,7.88,9.18,8.1,1,1,11
250,988877327,-1457882352,Foles Nick,2014,25,phi,qb,9,8,8,6-2-0,186,311,59.8,2163,13,4.2,10,3.2,101,68,7.0,6.3,11.6,270.4,81.4,64.1,9,74,6.53,5.93,2.8,2,3,5
251,-1781069703,-1457882352,Foles Nick,2015,26,ram,qb,5,11,11,4-7-0,190,337,56.4,2052,7,2.1,10,3.0,85,68,6.1,5.2,10.8,186.5,69.0,28.1,14,98,5.57,4.68,4.0,1,1,3
252,-1300270516,-1457882352,Foles Nick,2018,29,phi,qb,9,5,5,4-1-0,141,195,72.3,1413,7,3.6,4,2.1,87,83,7.2,7.0,10.0,282.6,96.0,67.4,9,47,6.7,6.5,4.4,2,2,4
253,194086710,1884505392,Kaepernick Colin,2012,25,sfo,qb,7,13,7,5-2-0,136,218,62.4,1814,10,4.6,3,1.4,86,57,8.3,8.6,13.3,139.5,98.3,71.8,16,112,7.27,7.55,6.8,1,1,9
254,-1285173191,1884505392,Kaepernick Colin,2013,26,sfo,qb,7,16,16,12-4-0,243,416,58.4,3197,21,5.0,8,1.9,148,64,7.7,7.8,13.2,199.8,91.6,65.7,39,231,6.52,6.65,8.6,2,3,15
255,-1237215185,1884505392,Kaepernick Colin,2014,27,sfo,qb,7,16,16,8-8-0,289,478,60.5,3369,19,4.0,10,2.1,164,80,7.0,6.9,11.7,210.6,86.4,60.9,52,344,5.71,5.58,9.8,3,2,12
256,-452953433,1884505392,Kaepernick Colin,2015,28,sfo,qb,7,9,8,2-6-0,144,244,59.0,1615,6,2.5,5,2.0,73,76,6.6,6.2,11.2,179.4,78.5,43.4,28,166,5.33,4.94,10.3,0,0,4
257,-295199678,1884505392,Kaepernick Colin,2016,29,sfo,qb,7,12,11,1-10-0,196,331,59.2,2241,16,4.8,4,1.2,101,65,6.8,7.2,11.4,186.8,90.7,49.5,36,207,5.54,5.92,9.8,1,1,9
258,1684585909,-2032470821,Quinn Brady,2012,28,kan,qb,9,10,8,1-7-0,112,197,56.9,1141,2,1.0,8,4.1,49,57,5.8,4.2,10.2,114.1,60.1,26.0,21,123,4.67,3.2,9.6,0,0,1
259,-1979344040,-2013052061,Lindley Ryan,2012,23,crd,qb,14,6,4,1-3-0,89,171,52.0,752,0,0.0,7,4.1,39,28,4.4,2.6,8.4,125.3,46.7,9.2,12,91,3.61,1.89,6.6,0,0,5
260,-1612124039,107076031,Smith Geno,2013,23,nyj,qb,7,16,16,8-8-0,247,443,55.8,3046,12,2.7,21,4.7,148,69,6.9,5.3,12.3,190.4,66.5,42.0,43,315,5.62,4.17,8.8,2,0,7
261,693359960,107076031,Smith Geno,2014,24,nyj,qb,7,14,13,3-10-0,219,367,59.7,2525,13,3.5,13,3.5,119,74,6.9,6.0,11.5,180.4,77.5,45.9,28,175,5.95,5.13,7.1,1,2,7
262,352967102,411211757,Glennon Mike,2013,24,tam,qb,8,13,13,4-9-0,247,416,59.4,2608,19,4.6,9,2.2,128,85,6.3,6.2,10.6,200.6,83.9,53.1,40,314,5.03,4.98,8.8,2,2,7
263,2137891473,411211757,Glennon Mike,2014,25,tam,qb,8,6,5,1-4-0,117,203,57.6,1417,10,4.9,6,3.0,64,41,7.0,6.6,12.1,236.2,83.3,51.5,16,91,6.05,5.74,7.3,1,1,4
264,-577733787,-1871021679,Manuel EJ,2013,23,buf,qb,3,10,10,4-6-0,180,306,58.8,1972,11,3.6,9,2.9,89,45,6.4,5.8,11.0,197.2,77.7,39.5,28,159,5.43,4.87,8.4,1,2,5
265,5839521,-480938147,Pryor Terrelle,2013,24,rai,qb,2,11,9,3-6-0,156,272,57.4,1798,7,2.6,11,4.0,86,73,6.6,5.3,11.5,163.5,69.1,57.1,31,203,5.26,4.09,10.2,0,0,6
266,1156939779,1514315628,Keenum Case,2013,25,htx,qb,7,8,8,0-8-0,137,253,54.2,1760,9,3.6,6,2.4,76,66,7.0,6.6,12.8,220.0,78.2,48.3,19,201,5.73,5.4,7.0,0,0,4
267,2128580705,1514315628,Keenum Case,2015,27,ram,qb,17,6,5,3-2-0,76,125,60.8,828,4,3.2,1,0.8,42,60,6.6,6.9,10.9,138.0,87.7,39.4,4,28,6.2,6.47,3.1,0,0,2
268,-1160780369,1514315628,Keenum Case,2016,28,ram,qb,17,10,9,4-5-0,196,322,60.9,2201,9,2.8,11,3.4,103,65,6.8,5.9,11.2,220.1,76.4,37.1,23,140,5.97,5.06,6.7,1,2,3
269,-1180254259,1514315628,Keenum Case,2017,29,min,qb,7,15,14,11-3-0,325,481,67.6,3547,22,4.6,7,1.5,180,65,7.4,7.6,10.9,236.5,98.3,74.3,22,136,6.78,7.03,4.4,1,3,14
270,-2125844759,1514315628,Keenum Case,2018,30,den,qb,4,16,16,6-10-0,365,586,62.3,3890,18,3.1,15,2.6,179,64,6.6,6.1,10.7,243.1,81.2,45.5,34,235,5.9,5.39,5.5,3,4,9
271,1346136150,-937112183,Clemens Kellen,2013,30,ram,qb,10,10,9,4-5-0,142,242,58.7,1673,8,3.3,7,2.9,81,81,6.9,6.3,11.8,167.3,78.8,39.4,21,138,5.84,5.25,8.0,0,0,6
272,398317172,792233094,McCown Josh,2013,34,chi,qb,12,8,5,3-2-0,149,224,66.5,1829,13,5.8,1,0.4,94,80,8.2,9.1,12.3,228.6,109.0,83.4,11,37,7.63,8.54,4.7,1,1,8
273,-718328677,792233094,McCown Josh,2014,35,tam,qb,12,11,11,1-10-0,184,327,56.3,2206,11,3.4,14,4.3,100,56,6.7,5.5,12.0,200.5,70.5,38.0,36,235,5.43,4.3,9.9,0,0,4
274,-2139833985,792233094,McCown Josh,2015,36,cle,qb,13,8,8,1-7-0,186,292,63.7,2109,12,4.1,4,1.4,96,56,7.2,7.4,11.3,263.6,93.3,50.3,23,137,6.26,6.45,7.3,1,1,5
275,1498717395,792233094,McCown Josh,2017,38,nyj,qb,15,13,13,5-8-0,267,397,67.3,2926,18,4.5,9,2.3,137,69,7.4,7.3,11.0,225.1,94.5,60.0,39,264,6.11,6.0,8.9,1,2,9
276,-295529847,1703475469,McGloin Matt,2013,24,rai,qb,14,7,6,1-5-0,118,211,55.9,1547,8,3.8,8,3.8,70,52,7.3,6.4,13.1,221.0,76.1,50.2,6,53,6.88,5.96,2.8,0,0,4
277,2069579772,1323375300,Lewis Thaddeus,2013,28,buf,qb,9,6,5,2-3-0,93,157,59.2,1092,4,2.5,3,1.9,49,57,7.0,6.6,11.7,182.0,81.0,18.7,18,100,5.67,5.35,10.3,1,1,3
278,1738058282,1311559205,Carr Derek,2014,23,rai,qb,4,16,16,3-13-0,348,599,58.1,3270,21,3.5,12,2.0,163,77,5.5,5.3,9.4,204.4,76.6,40.1,24,149,5.01,4.82,3.9,1,1,5
279,659182347,1311559205,Carr Derek,2015,24,rai,qb,4,16,16,7-9-0,350,573,61.1,3987,32,5.6,13,2.3,188,68,7.0,7.1,11.4,249.2,91.1,41.2,31,230,6.22,6.31,5.1,0,0,13
280,720663072,1311559205,Carr Derek,2016,25,rai,qb,4,15,15,12-3-0,357,560,63.8,3937,28,5.0,6,1.1,191,75,7.0,7.5,11.0,262.5,96.7,54.6,16,79,6.7,7.2,2.8,7,7,12
281,-74900430,1311559205,Carr Derek,2017,26,rai,qb,4,15,15,6-9-0,323,515,62.7,3496,22,4.3,13,2.5,168,87,6.8,6.5,10.8,233.1,86.4,51.0,20,101,6.35,6.07,3.7,1,1,10
282,2050042576,1311559205,Carr Derek,2018,27,rai,qb,4,16,16,4-12-0,381,553,68.9,4049,19,3.4,10,1.8,197,66,7.3,7.2,10.6,253.1,93.9,46.9,51,299,6.21,6.09,8.4,3,3,10
283,509754842,1311559205,Carr Derek,2019,28,rai,qb,4,16,16,7-9-0,361,513,70.4,4054,21,4.1,8,1.6,191,75,7.9,8.0,11.2,253.4,100.8,65.6,29,184,7.14,7.25,5.4,2,3,11
284,-125234637,-108045714,Bortles Blake,2014,22,jax,qb,5,14,13,3-10-0,280,475,58.9,2908,11,2.3,17,3.6,136,63,6.1,5.0,10.4,207.7,69.5,26.7,55,345,4.84,3.81,10.4,1,1,5
285,-1306303226,-108045714,Bortles Blake,2015,23,jax,qb,5,16,16,5-11-0,355,606,58.6,4428,35,5.8,18,3.0,220,90,7.3,7.1,12.5,276.8,88.2,51.8,51,320,6.25,6.09,7.8,3,0,14
286,-1658483023,-108045714,Bortles Blake,2016,24,jax,qb,5,16,16,3-13-0,368,625,58.9,3905,23,3.7,16,2.6,207,51,6.2,5.8,10.6,244.1,78.8,42.8,34,197,5.63,5.23,5.2,1,1,10
287,-638451027,-108045714,Bortles Blake,2017,25,jax,qb,5,16,16,10-6-0,315,523,60.2,3687,21,4.0,13,2.5,195,75,7.0,6.7,11.7,230.4,84.7,59.2,24,123,6.52,6.21,4.4,1,1,13
288,-1593673408,-108045714,Bortles Blake,2018,26,jax,qb,5,13,12,3-9-0,243,403,60.3,2718,13,3.2,11,2.7,126,80,6.7,6.2,11.2,209.1,79.8,41.7,31,173,5.86,5.32,7.1,0,1,6
289,-164743534,336656457,Hoyer Brian,2014,29,cle,qb,6,14,13,7-6-0,242,438,55.3,3326,12,2.7,13,3.0,163,81,7.6,6.8,13.7,237.6,76.5,38.4,24,160,6.85,6.11,5.2,4,4,8
290,-252670430,336656457,Hoyer Brian,2015,30,htx,qb,7,11,9,5-4-0,224,369,60.7,2606,19,5.1,7,1.9,130,49,7.1,7.2,11.6,236.9,91.4,56.1,25,185,6.14,6.31,6.3,1,1,7
291,1427757092,336656457,Hoyer Brian,2016,31,chi,qb,2,6,5,1-4-0,134,200,67.0,1445,6,3.0,0,0.0,75,64,7.2,7.8,10.8,240.8,98.0,59.5,4,18,7.0,7.58,2.0,0,0,4
292,-1708461716,1151069139,Bridgewater Teddy,2014,22,min,qb,5,13,12,6-6-0,259,402,64.4,2919,14,3.5,12,3.0,137,87,7.3,6.6,11.3,224.5,85.2,54.4,39,249,6.05,5.46,8.8,3,3,9
293,-1787598121,1151069139,Bridgewater Teddy,2015,23,min,qb,5,16,16,11-5-0,292,447,65.3,3231,14,3.1,9,2.0,153,52,7.2,6.9,11.1,201.9,88.7,57.5,44,307,5.96,5.7,9.0,1,1,13
294,1698350714,1151069139,Bridgewater Teddy,2019,27,nor,qb,5,9,5,5-0-0,133,196,67.9,1384,9,4.6,2,1.0,67,45,7.1,7.5,10.4,153.8,99.1,47.1,12,89,6.23,6.66,5.8,1,2,5
295,-1567984538,-713383770,Davis Austin,2014,25,ram,qb,9,10,8,3-5-0,180,284,63.4,2001,12,4.2,9,3.2,106,59,7.0,6.5,11.1,200.1,85.1,44.2,29,179,5.82,5.29,9.3,1,2,5
296,836272940,1180508356,Stanton Drew,2014,30,crd,qb,5,9,8,5-3-0,132,240,55.0,1711,7,2.9,5,2.1,77,49,7.1,6.8,13.0,190.1,78.7,51.7,11,66,6.55,6.22,4.4,1,1,5
297,-614952642,1067959648,Cousins Kirk,2014,26,was,qb,8,6,5,1-4-0,126,204,61.8,1710,10,4.9,9,4.4,75,81,8.4,7.4,13.6,285.0,86.4,52.0,8,70,7.74,6.77,3.8,0,0,4
298,-1097041542,1067959648,Cousins Kirk,2015,27,was,qb,8,16,16,9-7-0,379,543,69.8,4166,29,5.3,11,2.0,205,78,7.7,7.8,11.0,260.4,101.6,71.7,26,186,6.99,7.14,4.6,2,3,12
299,1417973065,1067959648,Cousins Kirk,2016,28,was,qb,8,16,16,8-7-1,406,606,67.0,4917,25,4.1,12,2.0,227,80,8.1,8.0,12.1,307.3,97.2,66.1,23,190,7.52,7.45,3.7,4,4,15
300,609856018,1067959648,Cousins Kirk,2017,29,was,qb,8,16,16,7-9-0,347,540,64.3,4093,27,5.0,13,2.4,194,74,7.6,7.5,11.8,255.8,93.9,54.2,41,342,6.46,6.38,7.1,1,0,12
301,-1829670862,1067959648,Cousins Kirk,2018,30,min,qb,8,16,16,8-7-1,425,606,70.1,4298,30,5.0,10,1.7,218,75,7.1,7.3,10.1,268.6,99.7,58.2,40,262,6.25,6.48,6.2,1,0,12
302,-637719391,1067959648,Cousins Kirk,2019,31,min,qb,8,15,15,10-5-0,307,444,69.1,3603,26,5.9,6,1.4,165,66,8.1,8.7,11.7,240.2,107.4,61.7,28,206,7.2,7.73,5.9,1,1,14
303,594427003,-1901566010,Whitehurst Charlie,2014,32,oti,qb,12,7,5,1-4-0,105,185,56.8,1326,7,3.8,2,1.1,55,75,7.2,7.4,12.6,189.4,87.4,41.7,18,103,6.02,6.27,8.9,0,0,4
304,-925980769,725298360,Mettenberger Zach,2014,23,oti,qb,7,7,6,0-6-0,107,179,59.8,1412,8,4.5,7,3.9,56,80,7.9,7.0,13.2,201.7,83.4,30.8,18,138,6.47,5.68,9.1,0,0,3
305,-1487542223,725298360,Mettenberger Zach,2015,24,oti,qb,7,7,4,0-4-0,101,166,60.8,935,4,2.4,7,4.2,46,57,5.6,4.2,9.3,133.6,66.7,18.4,13,98,4.68,3.36,7.3,0,0,2
306,1576800172,705292881,Winston Jameis,2015,21,tam,qb,3,16,16,6-10-0,312,535,58.3,4042,22,4.1,15,2.8,201,68,7.6,7.1,13.0,252.6,84.2,61.1,27,190,6.85,6.44,4.8,2,3,13
307,-811615190,705292881,Winston Jameis,2016,22,tam,qb,3,16,16,9-7-0,345,567,60.8,4090,28,4.9,18,3.2,216,45,7.2,6.8,11.9,255.6,86.1,59.7,35,239,6.4,5.98,5.8,1,3,12
308,-187829913,705292881,Winston Jameis,2017,23,tam,qb,3,13,13,3-10-0,282,442,63.8,3504,19,4.3,11,2.5,185,70,7.9,7.7,12.4,269.5,92.2,54.0,33,207,6.94,6.7,6.9,2,2,10
309,250295177,705292881,Winston Jameis,2018,24,tam,qb,3,11,9,3-6-0,244,378,64.6,2992,19,5.0,14,3.7,152,64,7.9,7.3,12.3,272.0,90.2,69.7,27,157,7.0,6.38,6.7,0,1,9
310,-586217936,705292881,Winston Jameis,2019,25,tam,qb,3,16,16,7-9-0,380,626,60.7,5109,33,5.3,30,4.8,243,71,8.2,7.1,13.4,319.3,84.3,59.1,47,282,7.17,6.15,7.0,2,2,15
311,-2050331475,524075261,Taylor Tyrod,2015,26,buf,qb,5,14,14,7-6-0,242,380,63.7,3035,20,5.3,6,1.6,129,63,8.0,8.3,12.5,216.8,99.4,65.3,36,212,6.79,7.1,8.7,1,2,13
312,-1556784004,524075261,Taylor Tyrod,2016,27,buf,qb,5,15,15,7-8-0,269,436,61.7,3023,17,3.9,6,1.4,148,84,6.9,7.1,11.2,201.5,89.7,61.4,42,192,5.92,6.07,8.8,1,1,15
313,767816350,524075261,Taylor Tyrod,2017,28,buf,qb,5,15,14,8-6-0,263,420,62.6,2799,14,3.3,4,1.0,133,47,6.7,6.9,10.6,186.6,89.2,60.0,46,256,5.46,5.67,9.9,1,2,12
314,1889711026,24640782,Mariota Marcus,2015,22,oti,qb,8,12,12,3-9-0,230,370,62.2,2818,19,5.1,10,2.7,142,61,7.6,7.4,12.3,234.8,91.5,53.3,38,258,6.27,6.1,9.3,2,2,9
315,407738525,24640782,Mariota Marcus,2016,23,oti,qb,8,15,15,8-7-0,276,451,61.2,3426,26,5.8,9,2.0,157,60,7.6,7.9,12.4,228.4,95.6,59.4,23,156,6.9,7.14,4.9,2,2,13
316,1875667662,24640782,Mariota Marcus,2017,24,oti,qb,8,15,15,9-6-0,281,453,62.0,3232,13,2.9,15,3.3,149,75,7.1,6.2,11.5,215.5,79.3,58.8,27,173,6.37,5.51,5.6,0,0,12
317,-1041927448,24640782,Mariota Marcus,2018,25,oti,qb,8,14,13,7-6-0,228,331,68.9,2528,11,3.3,8,2.4,121,61,7.6,7.2,11.1,180.6,92.3,50.6,42,243,6.13,5.75,11.3,2,3,9
318,-1113811365,24640782,Mariota Marcus,2019,26,oti,qb,8,7,6,2-4-0,95,160,59.4,1203,7,4.4,2,1.3,50,75,7.5,7.8,12.7,171.9,92.3,33.2,25,162,5.63,5.9,13.5,0,0,5
319,274480212,1558121651,Osweiler Brock,2015,25,den,qb,17,8,7,5-2-0,170,275,61.8,1967,10,3.6,6,2.2,92,72,7.2,6.9,11.6,245.9,86.4,53.0,23,151,6.09,5.86,7.7,2,2,5
320,981724408,1558121651,Osweiler Brock,2016,26,htx,qb,17,15,14,8-6-0,301,510,59.0,2957,15,2.9,16,3.1,154,53,5.8,5.0,9.8,197.1,72.2,49.5,27,206,5.12,4.34,5.0,2,2,5
321,803784721,1558121651,Osweiler Brock,2018,28,mia,qb,8,7,5,2-3-0,113,178,63.5,1247,6,3.4,4,2.2,58,75,7.0,6.7,11.0,178.1,86.0,32.3,17,130,5.73,5.42,8.7,1,1,3
322,-601502006,-880200100,Manziel Johnny,2015,23,cle,qb,2,9,6,2-4-0,129,223,57.8,1500,7,3.1,5,2.2,72,61,6.7,6.3,11.6,166.7,79.4,54.1,19,141,5.62,5.26,7.9,0,0,4
323,-236353480,-171197555,Wentz Carson,2016,24,phi,qb,11,16,16,7-9-0,379,607,62.4,3782,16,2.6,14,2.3,192,73,6.2,5.7,10.0,236.4,79.3,49.4,33,213,5.58,5.09,5.2,1,1,10
324,-294603856,-171197555,Wentz Carson,2017,25,phi,qb,11,13,13,11-2-0,265,440,60.2,3296,33,7.5,7,1.6,161,72,7.5,8.3,12.4,253.5,101.9,77.2,28,162,6.7,7.43,6.0,1,1,14
325,-1424511764,-171197555,Wentz Carson,2018,26,phi,qb,11,11,11,5-6-0,279,401,69.6,3074,21,5.2,7,1.7,159,58,7.7,7.9,11.0,279.5,102.2,62.6,31,202,6.65,6.89,7.2,2,2,9
326,956284854,-171197555,Wentz Carson,2019,27,phi,qb,11,16,16,9-7-0,388,607,63.9,4039,27,4.4,7,1.2,213,53,6.7,7.0,10.4,252.4,93.1,64.8,37,230,5.91,6.26,5.7,2,4,12
327,-1255894897,106325641,Siemian Trevor,2016,25,den,qb,13,14,14,8-6-0,289,486,59.5,3401,18,3.7,10,2.1,155,76,7.0,6.8,11.8,242.9,84.6,48.4,31,187,6.22,6.04,6.0,3,2,9
328,1244675818,106325641,Siemian Trevor,2017,26,den,qb,13,11,10,5-5-0,206,349,59.0,2285,12,3.4,14,4.0,112,44,6.5,5.4,11.1,207.7,73.3,33.1,33,220,5.41,4.38,8.6,0,0,4
329,29142465,-1300153260,Prescott Dak,2016,23,dal,qb,4,16,16,13-3-0,311,459,67.8,3667,23,5.0,4,0.9,185,83,8.0,8.6,11.8,229.2,104.9,78.8,25,143,7.28,7.86,5.2,5,5,16
330,-1794247629,-1300153260,Prescott Dak,2017,24,dal,qb,4,16,16,9-7-0,308,490,62.9,3324,22,4.5,13,2.7,162,81,6.8,6.5,10.8,207.8,86.6,69.5,32,185,6.01,5.74,6.1,0,0,14
331,1762189324,-1300153260,Prescott Dak,2018,25,dal,qb,4,16,16,10-6-0,356,526,67.7,3885,22,4.2,8,1.5,206,90,7.4,7.5,10.9,242.8,96.9,56.2,56,347,6.08,6.22,9.6,3,5,14
332,-1377409523,-1300153260,Prescott Dak,2019,26,dal,qb,4,16,16,8-8-0,388,596,65.1,4902,30,5.0,11,1.8,229,62,8.2,8.4,12.6,306.4,99.7,72.8,23,151,7.68,7.84,3.7,0,0,16
333,-1593344522,524067814,Barkley Matt,2016,26,chi,qb,12,7,6,1-5-0,129,216,59.7,1611,8,3.7,14,6.5,90,37,7.5,5.3,12.5,230.1,68.3,39.8,6,43,7.06,4.95,2.7,0,0,1
334,603647142,614947648,Goff Jared,2016,22,ram,qb,16,7,7,0-7-0,112,205,54.6,1089,5,2.4,7,3.4,48,66,5.3,4.3,9.7,155.6,63.6,18.9,26,222,3.75,2.82,11.3,0,0,2
335,718927685,614947648,Goff Jared,2017,23,ram,qb,16,15,15,11-4-0,296,477,62.1,3804,28,5.9,7,1.5,177,94,8.0,8.5,12.9,253.6,100.5,52.1,25,172,7.24,7.72,5.0,1,1,15
336,1148871106,614947648,Goff Jared,2018,24,ram,qb,16,16,16,13-3-0,364,561,64.9,4688,32,5.7,12,2.1,268,70,8.4,8.5,12.9,293.0,101.1,63.1,33,223,7.52,7.69,5.6,4,4,18
337,-697316355,614947648,Goff Jared,2019,25,ram,qb,16,16,16,9-7-0,394,626,62.9,4638,22,3.5,16,2.6,220,66,7.4,7.0,11.8,289.9,86.5,50.2,22,170,6.9,6.46,3.4,1,2,12
338,2020384196,406944126,Kessler Cody,2016,23,cle,qb,6,9,8,0-8-0,128,195,65.6,1380,6,3.1,2,1.0,69,44,7.1,7.2,10.8,153.3,92.3,42.1,21,140,5.74,5.88,9.7,0,0,3
339,972953862,-891971045,Kizer DeShone,2017,21,cle,qb,7,15,15,0-15-0,255,476,53.6,2894,11,2.3,22,4.6,131,56,6.1,4.5,11.3,192.9,60.5,29.7,38,226,5.19,3.69,7.4,0,0,5
340,-1173971301,843614242,Brissett Jacoby,2017,25,clt,qb,7,16,15,4-11-0,276,469,58.8,3098,13,2.8,7,1.5,146,80,6.6,6.5,11.2,193.6,81.7,41.5,52,305,5.36,5.26,10.0,0,1,11
341,-2093709813,843614242,Brissett Jacoby,2019,27,clt,qb,7,15,15,7-8-0,272,447,60.9,2942,18,4.0,6,1.3,143,50,6.6,6.8,10.8,196.1,88.0,54.1,27,159,5.87,6.06,5.7,2,2,11
342,2036487746,-1230724460,Trubisky Mitchell,2017,23,chi,qb,10,12,12,4-8-0,196,330,59.4,2193,7,2.1,7,2.1,100,70,6.6,6.1,11.2,182.8,77.5,31.6,31,196,5.53,5.05,8.6,0,1,7
343,181887903,-1230724460,Trubisky Mitchell,2018,24,chi,qb,10,14,14,11-3-0,289,434,66.6,3223,24,5.5,12,2.8,163,70,7.4,7.3,11.2,230.2,95.4,70.8,24,143,6.72,6.59,5.2,1,2,13
344,-1948928831,-1230724460,Trubisky Mitchell,2019,25,chi,qb,10,15,15,8-7-0,326,516,63.2,3138,17,3.3,10,1.9,156,53,6.1,5.9,9.6,209.2,83.0,42.6,38,234,5.24,5.04,6.9,3,3,8
345,1935597976,-1553502145,Hundley Brett,2017,24,gnb,qb,7,11,9,3-6-0,192,316,60.8,1836,9,2.8,12,3.8,90,55,5.8,4.7,9.6,166.9,70.6,44.2,29,197,4.75,3.71,8.4,2,2,5
346,-924120582,-473913933,Savage Tom,2017,27,htx,qb,3,8,7,1-6-0,125,223,56.1,1412,5,2.2,6,2.7,70,57,6.3,5.6,11.3,176.5,71.4,37.2,21,159,5.14,4.44,8.6,1,1,3
347,2057715534,-1839774701,Watson Deshaun,2017,22,htx,qb,4,7,6,3-3-0,126,204,61.8,1699,19,9.3,8,3.9,85,72,8.3,8.4,13.5,242.7,103.0,83.6,19,116,7.1,7.19,8.5,0,0,7
348,-224086959,-1839774701,Watson Deshaun,2018,23,htx,qb,4,16,16,11-5-0,345,505,68.3,4165,26,5.1,9,1.8,215,73,8.2,8.5,12.1,260.3,103.1,60.7,62,384,6.67,6.87,10.9,5,5,16
349,-1398552814,-1839774701,Watson Deshaun,2019,24,htx,qb,4,15,15,10-5-0,333,495,67.3,3852,26,5.3,12,2.4,191,54,7.8,7.7,11.6,256.8,98.0,71.2,44,257,6.67,6.63,8.2,3,0,16
350,1363294002,939371086,Garoppolo Jimmy,2017,26,sfo,qb,10,6,5,5-0-0,120,178,67.4,1560,7,3.9,5,2.8,81,61,8.8,8.3,13.0,260.0,96.2,80.7,8,57,8.08,7.62,4.3,2,2,5
351,1531842931,939371086,Garoppolo Jimmy,2019,28,sfo,qb,10,16,16,13-3-0,329,476,69.1,3978,27,5.7,13,2.7,193,75,8.4,8.3,12.1,248.6,102.0,62.1,36,237,7.31,7.22,7.0,0,4,15
352,5025716,222008431,Mahomes Patrick,2018,23,kan,qb,15,16,16,12-4-0,383,580,66.0,5097,50,8.6,12,2.1,262,89,8.8,9.6,13.3,318.6,113.8,80.4,26,171,8.13,8.89,4.3,2,2,22
353,-305838643,222008431,Mahomes Patrick,2019,24,kan,qb,15,14,14,11-3-0,319,484,65.9,4031,26,5.4,5,1.0,176,83,8.3,8.9,12.6,287.9,105.3,79.4,17,127,7.79,8.38,3.4,1,1,17
354,-1155494310,-1295694583,Mayfield Baker,2018,23,cle,qb,6,14,13,6-7-0,310,486,63.8,3725,27,5.6,14,2.9,171,71,7.7,7.5,12.0,266.1,93.7,53.2,25,173,6.95,6.77,4.9,3,4,10
355,200896025,-1295694583,Mayfield Baker,2019,24,cle,qb,6,16,16,6-10-0,317,534,59.4,3827,22,4.1,21,3.9,179,89,7.2,6.2,12.1,239.2,78.8,51.2,40,285,6.17,5.29,7.0,1,1,11
356,-995737568,1799221836,Darnold Sam,2018,21,nyj,qb,14,13,13,4-9-0,239,414,57.7,2865,17,4.1,15,3.6,130,76,6.9,6.1,12.0,220.4,77.6,45.5,30,204,5.99,5.24,6.8,1,1,7
357,-1379525471,1799221836,Darnold Sam,2019,22,nyj,qb,14,13,13,7-6-0,273,441,61.9,3024,19,4.3,13,2.9,147,92,6.9,6.4,11.1,232.6,84.3,43.5,33,212,5.93,5.5,7.0,2,3,6
358,-38295582,-1805727679,Rosen Josh,2018,21,crd,qb,3,14,13,3-10-0,217,393,55.2,2278,11,2.8,14,3.6,112,75,5.8,4.8,10.5,162.7,66.7,24.7,45,320,4.47,3.53,10.3,1,2,2
359,-388518700,1939846979,Allen Josh,2018,22,buf,qb,17,12,11,5-6-0,169,320,52.8,2074,10,3.1,12,3.8,89,75,6.5,5.4,12.3,172.8,67.9,49.8,28,213,5.35,4.37,8.0,2,3,6
360,-1971495410,1939846979,Allen Josh,2019,23,buf,qb,17,16,16,10-6-0,271,461,58.8,3089,20,4.3,9,2.0,146,53,6.7,6.7,11.4,193.1,85.3,47.9,38,237,5.72,5.71,7.6,0,0,11
361,-956140346,-497271853,Mullens Nick,2018,23,sfo,qb,4,8,8,3-5-0,176,274,64.2,2277,13,4.7,10,3.6,106,85,8.3,7.6,12.9,284.6,90.8,53.8,17,127,7.39,6.74,5.8,0,1,6
362,1379942351,717817655,Driskel Jeff,2018,25,cin,qb,6,9,5,1-4-0,105,176,59.7,1003,6,3.4,2,1.1,50,37,5.7,5.9,9.6,111.4,82.2,31.1,16,122,4.59,4.74,8.3,0,0,2
363,-423539018,-1419401162,Jackson Lamar,2018,21,rav,qb,8,16,7,6-1-0,99,170,58.2,1201,6,3.5,3,1.8,67,74,7.1,7.0,12.1,75.1,84.5,46.3,16,71,6.08,5.99,8.6,0,1,8
364,-855079166,-1419401162,Jackson Lamar,2019,22,rav,qb,8,15,15,13-2-0,265,401,66.1,3127,36,9.0,6,1.5,161,83,7.8,8.9,11.8,208.5,113.3,82.3,23,106,7.13,8.19,5.4,1,2,25
365,1386704015,-402446982,Murray Kyler,2019,22,crd,qb,1,16,16,5-10-1,349,542,64.4,3722,20,3.7,12,2.2,173,88,6.9,6.6,10.7,232.6,87.4,58.0,48,309,5.78,5.55,8.1,1,2,14
366,-1406563399,548698347,Allen Kyle,2019,23,car,qb,7,13,12,5-7-0,303,489,62.0,3322,17,3.5,16,3.3,188,52,6.8,6.0,11.0,255.5,80.0,39.7,46,397,5.47,4.76,8.6,0,1,7
367,1416397987,1112123701,Minshew Gardner,2019,23,jax,qb,15,14,12,6-6-0,285,470,60.6,3271,21,4.5,6,1.3,150,70,7.0,7.3,11.5,233.6,91.2,47.2,33,184,6.14,6.44,6.6,3,3,10
368,71015254,-729841896,Jones Daniel,2019,22,nyg,qb,8,13,12,3-9-0,284,459,61.9,3027,24,5.2,12,2.6,140,75,6.6,6.5,10.7,232.8,87.7,57.0,38,295,5.5,5.38,7.6,1,2,9
369,-1361077120,-1774193342,Rudolph Mason,2019,24,pit,qb,2,10,8,5-3-0,176,283,62.2,1765,13,4.6,9,3.2,80,76,6.2,5.7,10.0,176.5,82.0,36.8,15,124,5.51,5.02,5.0,1,1,3
370,1604020978,-1138787627,Haskins Dwayne,2019,22,was,qb,7,9,7,2-5-0,119,203,58.6,1365,7,3.4,7,3.4,65,75,6.7,5.9,11.5,151.7,76.1,28.4,29,204,5.0,4.25,12.5,1,1,3
371,-209628899,-2033415372,Blough David,2019,24,det,qb,10,5,5,0-5-0,94,174,54.0,984,4,2.3,6,3.4,47,75,5.7,4.6,10.5,196.8,64.0,31.7,14,104,4.68,3.67,7.4,0,0,1
372,-464561666,-1844746515,Hodges Devlin,2019,23,pit,qb,6,8,6,3-3-0,100,160,62.5,1063,5,3.1,8,5.0,51,79,6.6,5.0,10.6,132.9,71.4,30.6,15,102,5.49,4.01,8.6,0,1,0
373,1296587681,-1302107800,Lock Drew,2019,23,den,qb,3,5,5,4-1-0,100,156,64.1,1020,7,4.5,3,1.9,54,48,6.5,6.6,10.2,204.0,89.7,59.7,5,26,6.17,6.2,3.1,1,2,3
