,qbid,Name,Year Drafted,Pos,Ht,Wt,40yd,Bench,Broad Jump,Shuttle,3Cone,Vertical
0,1800805156,Brees Drew,2001,qb,72,213,4.83,-1,105,4.21,7.09,32.0
1,1176270634,Bradford Sam,2010,qb,76,236,4.79,-1,-1,-1.0,-1.0,-1.0
2,388933701,Palmer Carson,2003,qb,77,232,4.65,-1,-1,-1.0,-1.0,-1.0
3,-1367097020,Schaub Matt,2004,qb,78,243,5.04,-1,110,4.62,7.65,30.5
4,-1537761598,Ryan Matt,2008,qb,77,228,4.89,-1,-1,4.51,7.4,-1.0
5,-1229183779,Rivers Philip,2004,qb,77,229,5.08,-1,-1,-1.0,-1.0,-1.0
6,-1687376776,Manning Eli,2004,qb,77,221,4.9,-1,-1,-1.0,-1.0,-1.0
7,1338077178,Sanchez Mark,2009,qb,74,227,4.93,-1,116,4.21,7.06,32.5
8,-404672456,Orton Kyle,2005,qb,76,233,5.06,-1,-1,4.52,7.38,26.5
9,850228064,Brady Tom,2000,qb,76,211,5.28,-1,99,4.38,7.2,24.5
10,1624208002,Henne Chad,2008,qb,75,230,4.92,-1,106,4.4,7.17,25.5
11,82481976,Flacco Joe,2008,qb,78,236,4.84,-1,110,4.27,6.82,28.5
12,-1347550939,Rodgers Aaron,2005,qb,74,223,4.71,-1,110,-1.0,7.38,34.5
13,-1653268538,Freeman Josh,2009,qb,78,248,4.9,-1,119,4.43,7.11,33.5
14,1497878995,Fitzpatrick Ryan,2005,qb,74,232,4.86,-1,105,4.07,7.09,30.5
15,1770057479,Cutler Jay,2006,qb,75,226,4.77,23,-1,4.26,7.1,-1.0
16,766382453,Roethlisberger Ben,2004,qb,77,241,4.75,-1,-1,-1.0,-1.0,-1.0
17,2111143530,Vick Michael,2001,qb,72,210,4.33,-1,-1,-1.0,-1.0,-1.0
18,-240298878,Garrard David,2002,qb,74,235,4.82,-1,111,4.26,7.35,33.5
19,-245464400,Smith Alex,2005,qb,76,217,4.71,-1,113,3.96,6.82,32.0
20,124617583,Campbell Jason,2005,qb,77,230,4.71,-1,-1,-1.0,-1.0,-1.0
21,-1233585796,Anderson Derek,2005,qb,78,242,5.03,-1,103,4.62,7.67,29.0
22,-1732958096,Clausen Jimmy,2010,qb,75,222,4.76,-1,-1,-1.0,-1.0,-1.0
23,-1285512837,McCoy Colt,2010,qb,73,216,4.79,-1,114,-1.0,-1.0,-1.0
24,1688629730,Romo Tony,2003,qb,74,230,5.01,-1,105,4.2,7.11,30.0
25,-481190082,Kolb Kevin,2007,qb,75,218,4.85,-1,112,4.44,6.94,32.5
26,-1597664166,Gradkowski Bruce,2006,qb,73,217,4.59,-1,107,4.16,7.12,34.0
27,1659604712,Young Vince,2006,qb,77,229,4.48,-1,-1,-1.0,-1.0,-1.0
28,-1469818203,Smith Troy,2007,qb,72,225,4.72,-1,-1,-1.0,-1.0,-1.0
29,-950977101,Skelton John,2010,qb,77,243,4.85,-1,108,4.33,7.17,33.5
30,1396223254,Wallace Seneca,2003,qb,71,196,4.56,-1,127,4.14,6.98,38.0
31,-580681276,Stafford Matthew,2009,qb,74,225,4.81,-1,107,4.47,7.06,30.5
32,663761021,Newton Cam,2011,qb,77,248,4.56,-1,126,4.18,6.92,35.0
33,1476570788,Dalton Andy,2011,qb,74,215,4.83,-1,106,4.27,6.93,29.5
34,190205551,Grossman Rex,2003,qb,73,217,5.06,-1,-1,-1.0,-1.0,-1.0
35,-1979381499,Jackson Tarvaris,2006,qb,74,226,4.69,22,107,4.38,7.4,31.5
36,-1146984473,Gabbert Blaine,2011,qb,76,234,4.61,-1,120,4.26,6.84,33.5
37,1562025141,Ponder Christian,2011,qb,74,229,4.63,-1,116,4.09,6.85,34.0
38,-2022053111,Tebow Tim,2010,qb,75,236,4.71,-1,115,4.17,6.66,38.5
39,-1615191615,Painter Curtis,2009,qb,75,225,4.87,-1,102,4.48,7.0,29.0
40,2006213299,Orlovsky Dan,2005,qb,77,225,4.93,-1,107,4.39,7.33,29.5
41,-1932123517,Palko Tyler,2007,qb,73,215,4.83,-1,112,4.36,7.05,31.5
42,-727174483,Luck Andrew,2012,qb,76,234,4.59,-1,124,4.28,6.8,36.0
43,-1852919812,Weeden Brandon,2012,qb,75,221,4.89,-1,-1,-1.0,-1.0,-1.0
44,-1153590125,Tannehill Ryan,2012,qb,76,221,4.65,-1,-1,-1.0,-1.0,-1.0
45,-699196471,Griffin Robert,2012,qb,74,223,4.33,-1,120,-1.0,-1.0,39.0
46,-1576629714,Wilson Russell,2012,qb,71,204,4.53,-1,118,4.09,6.97,34.0
47,1132117231,Locker Jake,2011,qb,74,231,4.51,-1,120,4.12,6.77,35.0
48,-1457882352,Foles Nick,2012,qb,77,243,5.14,-1,112,-1.0,-1.0,30.5
49,1884505392,Kaepernick Colin,2011,qb,77,233,4.53,-1,115,4.18,6.85,32.5
50,-2032470821,Quinn Brady,2007,qb,76,232,4.73,24,-1,-1.0,-1.0,-1.0
51,-2013052061,Lindley Ryan,2012,qb,76,229,4.86,-1,108,4.45,7.52,29.5
52,107076031,Smith Geno,2013,qb,74,218,4.58,-1,124,-1.0,-1.0,33.5
53,411211757,Glennon Mike,2013,qb,79,225,4.94,-1,102,4.52,7.49,26.5
54,-1871021679,Manuel EJ,2013,qb,77,237,4.65,-1,118,4.21,7.08,34.0
55,1514315628,Keenum Case,2012,qb,73,208,4.72,-1,103,-1.0,-1.0,32.5
56,-937112183,Clemens Kellen,2006,qb,74,224,4.89,-1,-1,-1.0,-1.0,-1.0
57,792233094,McCown Josh,2002,qb,76,221,4.59,-1,120,3.9,6.85,38.5
58,-186115362,Flynn Matt,2008,qb,74,231,4.79,-1,109,4.34,7.21,28.0
59,1323375300,Lewis Thaddeus,2010,qb,72,215,4.84,-1,107,-1.0,-1.0,28.0
60,1311559205,Carr Derek,2014,qb,74,214,4.69,-1,110,4.2,-1.0,34.5
61,-108045714,Bortles Blake,2014,qb,77,232,4.93,-1,115,4.21,7.08,32.5
62,336656457,Hoyer Brian,2009,qb,74,215,5.02,-1,109,4.42,7.1,32.0
63,1151069139,Bridgewater Teddy,2014,qb,74,214,-1.0,-1,113,4.2,7.17,30.0
64,-713383770,Davis Austin,2012,qb,74,219,4.69,-1,109,4.11,6.73,31.0
65,1180508356,Stanton Drew,2007,qb,75,226,4.75,-1,108,4.41,6.77,30.5
66,1067959648,Cousins Kirk,2012,qb,75,214,4.84,-1,109,4.5,7.05,28.5
67,-1901566010,Whitehurst Charlie,2006,qb,77,223,4.75,-1,112,4.11,7.0,33.0
68,725298360,Mettenberger Zach,2014,qb,77,224,-1.0,-1,-1,-1.0,-1.0,-1.0
69,705292881,Winston Jameis,2015,qb,76,231,4.97,-1,103,4.36,7.16,28.5
70,524075261,Taylor Tyrod,2011,qb,73,217,4.47,-1,126,4.09,6.78,37.5
71,24640782,Mariota Marcus,2015,qb,76,222,4.52,-1,121,4.11,6.87,36.0
72,1558121651,Osweiler Brock,2012,qb,79,242,4.83,-1,-1,-1.0,-1.0,-1.0
73,-1235287134,Mallett Ryan,2011,qb,79,253,5.37,-1,103,-1.0,-1.0,24.0
74,-880200100,Manziel Johnny,2014,qb,72,207,4.68,-1,113,4.03,6.75,31.5
75,-171197555,Wentz Carson,2016,qb,77,237,4.77,-1,118,4.15,6.86,30.5
76,-1300153260,Prescott Dak,2016,qb,74,226,4.79,-1,116,4.32,7.11,32.5
77,524067814,Barkley Matt,2013,qb,74,227,4.91,-1,-1,-1.0,-1.0,-1.0
78,614947648,Goff Jared,2016,qb,76,215,4.82,-1,110,4.47,7.17,27.0
79,406944126,Kessler Cody,2016,qb,73,220,4.89,-1,104,4.0,7.32,29.5
80,1610307699,Petty Bryce,2015,qb,75,230,4.87,-1,121,4.13,6.91,34.0
81,-891971045,Kizer DeShone,2017,qb,76,233,4.83,-1,107,4.53,7.4,30.5
82,843614242,Brissett Jacoby,2016,qb,76,231,4.94,-1,113,4.53,7.17,31.0
83,-1230724460,Trubisky Mitchell,2017,qb,74,222,4.67,-1,116,4.25,6.87,27.5
84,-1553502145,Hundley Brett,2015,qb,75,226,4.63,-1,120,3.98,6.93,36.0
85,-473913933,Savage Tom,2014,qb,76,228,4.97,-1,105,4.36,7.33,27.0
86,-1839774701,Watson Deshaun,2017,qb,74,221,4.66,-1,119,4.31,6.95,32.5
87,939371086,Garoppolo Jimmy,2014,qb,74,226,4.97,-1,110,4.26,7.04,30.5
88,222008431,Mahomes Patrick,2017,qb,74,225,4.8,-1,114,4.08,6.88,30.0
89,-1295694583,Mayfield Baker,2018,qb,73,215,4.84,-1,111,4.28,7.0,29.0
90,1799221836,Darnold Sam,2018,qb,75,221,4.85,-1,105,4.4,6.96,26.5
91,-1805727679,Rosen Josh,2018,qb,76,226,4.92,-1,111,4.28,7.09,31.0
92,1939846979,Allen Josh,2018,qb,77,237,4.75,-1,119,4.4,6.9,33.5
93,717817655,Driskel Jeff,2016,qb,76,234,4.56,-1,122,4.25,7.19,32.0
94,-1419401162,Jackson Lamar,2018,qb,74,216,-1.0,-1,-1,-1.0,-1.0,-1.0
95,-402446982,Murray Kyler,2019,qb,70,207,-1.0,-1,-1,-1.0,-1.0,-1.0
96,1112123701,Minshew Gardner,2019,qb,73,225,4.97,-1,116,4.45,7.14,33.5
97,-729841896,Jones Daniel,2019,qb,77,221,4.81,-1,120,4.41,7.0,33.5
98,-1774193342,Rudolph Mason,2018,qb,77,235,4.9,-1,-1,-1.0,-1.0,26.0
99,-1138787627,Haskins Dwayne,2019,qb,75,231,5.04,-1,-1,-1.0,-1.0,28.5
100,-1302107800,Lock Drew,2019,qb,76,228,4.69,-1,112,4.12,7.03,31.0
