,arrtid,qbid,Name,Year,Age,Tm,Pos,No.,G,GS,Rush,Yds,TD,1D,Lng,Y/A,Y/G,A/G,Tgt,Rec,Yds,Y/R,TD,1D,Lng,R/G,Y/G,Ctch%,Y/Tgt,Touch,Y/Tch,YScm,RRTD,Fmb
0,-566228438,-2036263229,Manning Peyton,2010,34,clt,qb,18,16,16,18,18,0,2,27,1.0,1.1,1.1,0,0,0,0.0,0,0,0,0.0,0.0,0.0,0.0,18,1.0,18,0,3
1,-394866964,-2036263229,Manning Peyton,2012,36,den,qb,18,16,16,23,6,0,2,10,0.3,0.4,1.4,0,0,0,0.0,0,0,0,0.0,0.0,0.0,0.0,23,0.3,6,0,2
2,-806186554,-2036263229,Manning Peyton,2013,37,den,qb,18,16,16,32,31,1,1,1,1.0,1.9,2.0,0,0,0,0.0,0,0,0,0.0,0.0,0.0,0.0,32,-1.0,-31,1,11
3,1277556686,-2036263229,Manning Peyton,2014,38,den,qb,18,16,16,24,24,0,0,4,1.0,1.5,1.5,0,0,0,0.0,0,0,0,0.0,0.0,0.0,0.0,24,-1.0,-24,0,6
4,-287013210,-2036263229,Manning Peyton,2015,39,den,qb,18,10,9,6,6,0,0,1,1.0,0.6,0.6,0,0,0,0.0,0,0,0,0.0,0.0,0.0,0.0,6,-1.0,-6,0,1
5,1924656079,1800805156,Brees Drew,2010,31,nor,qb,9,16,16,18,3,0,1,7,0.2,0.2,1.1,1,1,7,7.0,0,0,7,0.1,0.4,0.0,7.0,19,0.2,4,0,9
6,-1405348854,1800805156,Brees Drew,2011,32,nor,qb,9,16,16,21,86,1,5,20,4.1,5.4,1.3,0,0,0,0.0,0,0,0,0.0,0.0,0.0,0.0,21,4.1,86,1,1
7,-2094102569,1800805156,Brees Drew,2012,33,nor,qb,9,16,16,15,5,1,2,11,0.3,0.3,0.9,0,0,0,0.0,0,0,0,0.0,0.0,0.0,0.0,15,0.3,5,1,5
8,11004564,1800805156,Brees Drew,2013,34,nor,qb,9,16,16,35,52,3,6,16,1.5,3.3,2.2,0,0,0,0.0,0,0,0,0.0,0.0,0.0,0.0,35,1.5,52,3,7
9,-903055854,1800805156,Brees Drew,2014,35,nor,qb,9,16,16,27,68,1,6,13,2.5,4.3,1.7,1,1,1,1.0,0,0,1,0.1,0.1,0.0,1.0,28,2.5,69,1,7
10,-1019525959,1800805156,Brees Drew,2015,36,nor,qb,9,15,15,24,14,1,5,12,0.6,0.9,1.6,0,0,0,0.0,0,0,0,0.0,0.0,0.0,0.0,24,0.6,14,1,5
11,-909748123,1800805156,Brees Drew,2016,37,nor,qb,9,16,16,23,20,2,7,7,0.9,1.3,1.4,0,0,0,0.0,0,0,0,0.0,0.0,0.0,0.0,23,0.9,20,2,5
12,-472753035,1800805156,Brees Drew,2017,38,nor,qb,9,16,16,33,12,2,7,7,0.4,0.8,2.1,0,0,0,0.0,0,0,0,0.0,0.0,0.0,0.0,33,0.4,12,2,5
13,-851162915,1800805156,Brees Drew,2018,39,nor,qb,9,15,15,31,22,4,12,11,0.7,1.5,2.1,1,1,1,1.0,0,0,1,0.1,0.1,0.0,1.0,32,0.7,23,4,5
14,-92230420,1800805156,Brees Drew,2019,40,nor,qb,9,11,11,9,4,1,2,2,0.4,0.4,0.8,0,0,0,0.0,0,0,0,0.0,0.0,0.0,0.0,9,-0.4,-4,1,0
15,-753739322,1176270634,Bradford Sam,2010,23,ram,qb,8,16,16,27,63,1,6,17,2.3,3.9,1.7,0,0,0,0.0,0,0,0,0.0,0.0,0.0,0.0,27,2.3,63,1,7
16,-1240636210,1176270634,Bradford Sam,2011,24,ram,qb,8,10,10,18,26,0,3,17,1.4,2.6,1.8,0,0,0,0.0,0,0,0,0.0,0.0,0.0,0.0,18,1.4,26,0,10
17,-128349046,1176270634,Bradford Sam,2012,25,ram,qb,8,16,16,36,124,1,8,21,3.4,7.8,2.3,0,0,0,0.0,0,0,0,0.0,0.0,0.0,0.0,36,3.4,124,1,7
18,-263040322,1176270634,Bradford Sam,2013,26,ram,qb,8,7,7,15,31,0,2,23,2.1,4.4,2.1,0,0,0,0.0,0,0,0,0.0,0.0,0.0,0.0,15,2.1,31,0,3
19,-874439398,1176270634,Bradford Sam,2015,28,phi,qb,7,14,14,26,39,0,2,14,1.5,2.8,1.9,0,0,0,0.0,0,0,0,0.0,0.0,0.0,0.0,26,1.5,39,0,10
20,-886573713,1176270634,Bradford Sam,2016,29,min,qb,8,15,15,20,53,0,3,24,2.7,3.5,1.3,1,1,5,5.0,0,0,5,0.1,0.3,0.0,5.0,21,2.8,58,0,10
21,512103363,388933701,Palmer Carson,2010,31,cin,qb,9,16,16,32,50,0,6,9,1.6,3.1,2.0,0,0,0,0.0,0,0,0,0.0,0.0,0.0,0.0,32,1.6,50,0,7
22,1526237310,388933701,Palmer Carson,2011,32,rai,qb,3,10,9,16,20,1,5,10,1.3,2.0,1.6,0,0,0,0.0,0,0,0,0.0,0.0,0.0,0.0,16,1.3,20,1,2
23,-2129751588,388933701,Palmer Carson,2012,33,rai,qb,3,15,15,18,36,1,7,9,2.0,2.4,1.2,0,0,0,0.0,0,0,0,0.0,0.0,0.0,0.0,18,2.0,36,1,7
24,1272902037,388933701,Palmer Carson,2013,34,crd,qb,3,16,16,27,3,0,1,10,0.1,0.2,1.7,0,0,0,0.0,0,0,0,0.0,0.0,0.0,0.0,27,0.1,3,0,6
25,-722723150,388933701,Palmer Carson,2014,35,crd,qb,3,6,6,8,25,0,1,12,3.1,4.2,1.3,1,0,0,0.0,0,0,0,0.0,0.0,0.0,0.0,8,3.1,25,0,3
26,277789420,388933701,Palmer Carson,2015,36,crd,qb,3,16,16,25,24,1,5,12,1.0,1.5,1.6,0,0,0,0.0,0,0,0,0.0,0.0,0.0,0.0,25,1.0,24,1,6
27,-2000328244,388933701,Palmer Carson,2016,37,crd,qb,3,15,15,14,38,0,3,16,2.7,2.5,0.9,0,0,0,0.0,0,0,0,0.0,0.0,0.0,0.0,14,2.7,38,0,0
28,-1103330377,388933701,Palmer Carson,2017,38,crd,qb,3,7,7,14,12,0,5,4,0.9,1.7,2.0,0,0,0,0.0,0,0,0,0.0,0.0,0.0,0.0,14,0.9,12,0,2
29,145721629,-1367097020,Schaub Matt,2010,29,htx,qb,8,16,16,22,28,0,7,8,1.3,1.8,1.4,0,0,0,0.0,0,0,0,0.0,0.0,0.0,0.0,22,1.3,28,0,9
30,-2073432193,-1367097020,Schaub Matt,2011,30,htx,qb,8,10,10,15,9,2,3,3,0.6,0.9,1.5,0,0,0,0.0,0,0,0,0.0,0.0,0.0,0.0,15,0.6,9,2,3
31,184322190,-1367097020,Schaub Matt,2012,31,htx,qb,8,16,16,21,9,0,0,8,0.4,0.6,1.3,1,1,-6,-6.0,0,0,-6,0.1,-0.4,0.0,0.0,22,-0.7,-15,0,4
32,1433568053,-1367097020,Schaub Matt,2013,32,htx,qb,8,10,8,5,24,0,1,7,4.8,2.4,0.5,0,0,0,0.0,0,0,0,0.0,0.0,0.0,0.0,5,4.8,24,0,2
33,-1487475621,-1537761598,Ryan Matt,2010,25,atl,qb,2,16,16,46,122,0,10,20,2.7,7.6,2.9,0,0,0,0.0,0,0,0,0.0,0.0,0.0,0.0,46,2.7,122,0,4
34,-1598064027,-1537761598,Ryan Matt,2011,26,atl,qb,2,16,16,37,84,2,11,12,2.3,5.3,2.3,0,0,0,0.0,0,0,0,0.0,0.0,0.0,0.0,37,2.3,84,2,5
35,438041840,-1537761598,Ryan Matt,2012,27,atl,qb,2,16,16,34,141,1,8,16,4.1,8.8,2.1,0,0,0,0.0,0,0,0,0.0,0.0,0.0,0.0,34,4.1,141,1,3
36,-138446734,-1537761598,Ryan Matt,2013,28,atl,qb,2,16,16,17,55,0,5,17,3.2,3.4,1.1,0,0,0,0.0,0,0,0,0.0,0.0,0.0,0.0,17,3.2,55,0,5
37,-956865897,-1537761598,Ryan Matt,2014,29,atl,qb,2,16,16,29,145,0,10,15,5.0,9.1,1.8,0,0,0,0.0,0,0,0,0.0,0.0,0.0,0.0,29,5.0,145,0,5
38,-2064514135,-1537761598,Ryan Matt,2015,30,atl,qb,2,16,16,36,63,0,9,18,1.8,3.9,2.3,0,0,0,0.0,0,0,0,0.0,0.0,0.0,0.0,36,1.8,63,0,12
39,533320586,-1537761598,Ryan Matt,2016,31,atl,qb,2,16,16,35,117,0,13,18,3.3,7.3,2.2,0,0,0,0.0,0,0,0,0.0,0.0,0.0,0.0,35,3.3,117,0,4
40,-1057598666,-1537761598,Ryan Matt,2017,32,atl,qb,2,16,16,32,143,0,11,16,4.5,8.9,2.0,0,0,0,0.0,0,0,0,0.0,0.0,0.0,0.0,32,4.5,143,0,4
41,-428831201,-1537761598,Ryan Matt,2018,33,atl,qb,2,16,16,33,125,3,15,15,3.8,7.8,2.1,1,1,5,5.0,1,1,5,0.1,0.3,0.0,5.0,34,3.8,130,4,10
42,-1253809875,-1537761598,Ryan Matt,2019,34,atl,qb,2,15,15,34,147,1,10,12,4.3,9.8,2.3,0,0,0,0.0,0,0,0,0.0,0.0,0.0,0.0,34,4.3,147,1,9
43,1493655451,-1229183779,Rivers Philip,2010,29,sdg,qb,17,16,16,29,52,0,6,14,1.8,3.3,1.8,0,0,0,0.0,0,0,0,0.0,0.0,0.0,0.0,29,1.8,52,0,7
44,1864676530,-1229183779,Rivers Philip,2011,30,sdg,qb,17,16,16,26,36,1,6,15,1.4,2.3,1.6,0,0,0,0.0,0,0,0,0.0,0.0,0.0,0.0,26,1.4,36,1,9
45,1470231011,-1229183779,Rivers Philip,2012,31,sdg,qb,17,16,16,27,40,0,2,11,1.5,2.5,1.7,1,0,0,0.0,0,0,0,0.0,0.0,0.0,0.0,27,1.5,40,0,0
46,438403824,-1229183779,Rivers Philip,2013,32,sdg,qb,17,16,16,28,72,0,5,18,2.6,4.5,1.8,1,0,-9,0.0,0,0,-9,0.0,-0.6,0.0,0.0,28,2.3,63,0,3
47,-1354130585,-1229183779,Rivers Philip,2014,33,sdg,qb,17,16,16,37,102,0,11,17,2.8,6.4,2.3,0,0,0,0.0,0,0,0,0.0,0.0,0.0,0.0,37,2.8,102,0,8
48,-1120191738,-1229183779,Rivers Philip,2015,34,sdg,qb,17,16,16,17,28,0,2,8,1.6,1.8,1.1,0,0,0,0.0,0,0,0,0.0,0.0,0.0,0.0,17,1.6,28,0,4
49,362451044,-1229183779,Rivers Philip,2016,35,sdg,qb,17,16,16,14,35,0,3,10,2.5,2.2,0.9,0,0,0,0.0,0,0,0,0.0,0.0,0.0,0.0,14,2.5,35,0,9
50,955029585,-1229183779,Rivers Philip,2017,36,sdg,qb,17,16,16,18,2,0,1,8,0.1,0.1,1.1,0,0,0,0.0,0,0,0,0.0,0.0,0.0,0.0,18,-0.1,-2,0,8
51,-1479108205,-1229183779,Rivers Philip,2018,37,sdg,qb,17,16,16,18,7,0,2,7,0.4,0.4,1.1,0,0,0,0.0,0,0,0,0.0,0.0,0.0,0.0,18,0.4,7,0,2
52,105545099,-1229183779,Rivers Philip,2019,38,sdg,qb,17,16,16,12,29,0,2,12,2.4,1.8,0.8,0,0,0,0.0,0,0,0,0.0,0.0,0.0,0.0,12,2.4,29,0,8
53,-1770179022,-1687376776,Manning Eli,2010,29,nyg,qb,10,16,16,32,70,0,4,16,2.2,4.4,2.0,0,0,0,0.0,0,0,0,0.0,0.0,0.0,0.0,32,2.2,70,0,7
54,-1939848986,-1687376776,Manning Eli,2011,30,nyg,qb,10,16,16,35,15,1,2,12,0.4,0.9,2.2,0,0,0,0.0,0,0,0,0.0,0.0,0.0,0.0,35,0.4,15,1,8
55,503986414,-1687376776,Manning Eli,2012,31,nyg,qb,10,16,16,20,30,0,2,13,1.5,1.9,1.3,0,0,0,0.0,0,0,0,0.0,0.0,0.0,0.0,20,1.5,30,0,5
56,1504242706,-1687376776,Manning Eli,2013,32,nyg,qb,10,16,16,18,36,0,3,14,2.0,2.3,1.1,0,0,0,0.0,0,0,0,0.0,0.0,0.0,0.0,18,2.0,36,0,7
57,1638125862,-1687376776,Manning Eli,2014,33,nyg,qb,10,16,16,12,31,1,4,18,2.6,1.9,0.8,0,0,0,0.0,0,0,0,0.0,0.0,0.0,0.0,12,2.6,31,1,7
58,1068535847,-1687376776,Manning Eli,2015,34,nyg,qb,10,16,16,20,61,0,5,18,3.1,3.8,1.3,0,0,0,0.0,0,0,0,0.0,0.0,0.0,0.0,20,3.1,61,0,11
59,-1383931352,-1687376776,Manning Eli,2016,35,nyg,qb,10,16,16,21,9,0,2,6,0.4,0.6,1.3,0,0,0,0.0,0,0,0,0.0,0.0,0.0,0.0,21,-0.4,-9,0,7
60,-509990678,-1687376776,Manning Eli,2017,36,nyg,qb,10,15,15,12,26,1,2,14,2.2,1.7,0.8,0,0,0,0.0,0,0,0,0.0,0.0,0.0,0.0,12,2.2,26,1,11
61,-893213305,-1687376776,Manning Eli,2018,37,nyg,qb,10,16,16,15,20,1,5,7,1.3,1.3,0.9,0,0,0,0.0,0,0,0,0.0,0.0,0.0,0.0,15,1.3,20,1,7
62,1606670648,-1687376776,Manning Eli,2019,38,nyg,qb,10,4,4,4,7,0,1,6,1.8,1.8,1.0,0,0,0,0.0,0,0,0,0.0,0.0,0.0,0.0,4,1.8,7,0,3
63,-1286030463,1338077178,Sanchez Mark,2010,24,nyj,qb,6,16,16,30,105,3,10,20,3.5,6.6,1.9,0,0,0,0.0,0,0,0,0.0,0.0,0.0,0.0,30,3.5,105,3,9
64,-793655945,1338077178,Sanchez Mark,2011,25,nyj,qb,6,16,16,37,103,6,15,25,2.8,6.4,2.3,0,0,0,0.0,0,0,0,0.0,0.0,0.0,0.0,37,2.8,103,6,10
65,2061169351,1338077178,Sanchez Mark,2012,26,nyj,qb,6,15,15,22,28,0,3,8,1.3,1.9,1.5,0,0,0,0.0,0,0,0,0.0,0.0,0.0,0.0,22,1.3,28,0,14
66,2004408561,1338077178,Sanchez Mark,2014,28,phi,qb,3,9,8,34,87,1,5,15,2.6,9.7,3.8,0,0,0,0.0,0,0,0,0.0,0.0,0.0,0.0,34,2.6,87,1,7
67,277926425,-404672456,Orton Kyle,2010,28,den,qb,8,13,13,22,98,0,9,14,4.5,7.5,1.7,0,0,0,0.0,0,0,0,0.0,0.0,0.0,0.0,22,4.5,98,0,4
68,293665416,-404672456,Orton Kyle,2014,32,buf,qb,18,12,12,15,14,1,2,10,0.9,1.2,1.3,0,0,0,0.0,0,0,0,0.0,0.0,0.0,0.0,15,0.9,14,1,3
69,-649968630,850228064,Brady Tom,2010,33,nwe,qb,12,16,16,31,30,1,10,9,1.0,1.9,1.9,0,0,0,0.0,0,0,0,0.0,0.0,0.0,0.0,31,1.0,30,1,3
70,-1742332683,850228064,Brady Tom,2011,34,nwe,qb,12,16,16,43,109,3,23,13,2.5,6.8,2.7,0,0,0,0.0,0,0,0,0.0,0.0,0.0,0.0,43,2.5,109,3,6
71,135168023,850228064,Brady Tom,2012,35,nwe,qb,12,16,16,23,32,4,12,7,1.4,2.0,1.4,0,0,0,0.0,0,0,0,0.0,0.0,0.0,0.0,23,1.4,32,4,2
72,-1850875346,850228064,Brady Tom,2013,36,nwe,qb,12,16,16,32,18,0,5,11,0.6,1.1,2.0,0,0,0,0.0,0,0,0,0.0,0.0,0.0,0.0,32,0.6,18,0,10
73,1795365497,850228064,Brady Tom,2014,37,nwe,qb,12,16,16,36,57,0,11,17,1.6,3.6,2.3,0,0,0,0.0,0,0,0,0.0,0.0,0.0,0.0,36,1.6,57,0,6
74,2098024657,850228064,Brady Tom,2015,38,nwe,qb,12,16,16,34,53,3,14,13,1.6,3.3,2.1,1,1,36,36.0,0,1,36,0.1,2.3,0.0,36.0,35,2.5,89,3,6
75,-1367090437,850228064,Brady Tom,2016,39,nwe,qb,12,12,12,28,64,0,11,15,2.3,5.3,2.3,0,0,0,0.0,0,0,0,0.0,0.0,0.0,0.0,28,2.3,64,0,5
76,-1864650531,850228064,Brady Tom,2017,40,nwe,qb,12,16,16,25,28,0,8,7,1.1,1.8,1.6,0,0,0,0.0,0,0,0,0.0,0.0,0.0,0.0,25,1.1,28,0,7
77,2080259445,850228064,Brady Tom,2018,41,nwe,qb,12,16,16,23,35,2,10,10,1.5,2.2,1.4,1,1,6,6.0,0,0,6,0.1,0.4,0.0,6.0,24,1.7,41,2,4
78,87957830,850228064,Brady Tom,2019,42,nwe,qb,12,16,16,26,34,3,8,17,1.3,2.1,1.6,0,0,0,0.0,0,0,0,0.0,0.0,0.0,0.0,26,1.3,34,3,4
79,-203527986,1624208002,Henne Chad,2010,25,mia,qb,7,15,14,35,52,0,7,10,1.5,3.5,2.3,0,0,0,0.0,0,0,0,0.0,0.0,0.0,0.0,35,1.5,52,0,5
80,-37245489,1624208002,Henne Chad,2011,26,mia,qb,7,4,4,15,112,1,8,20,7.5,28.0,3.8,0,0,0,0.0,0,0,0,0.0,0.0,0.0,0.0,15,7.5,112,1,1
81,1275060659,1624208002,Henne Chad,2012,27,jax,qb,7,10,6,19,64,1,6,15,3.4,6.4,1.9,0,1,-6,-6.0,0,0,-6,0.1,-0.6,0.0,0.0,20,2.9,58,1,4
82,1630053634,1624208002,Henne Chad,2013,28,jax,qb,7,15,13,27,77,0,7,14,2.9,5.1,1.8,0,0,0,0.0,0,0,0,0.0,0.0,0.0,0.0,27,2.9,77,0,2
83,-15425912,82481976,Flacco Joe,2010,25,rav,qb,5,16,16,43,84,1,10,14,2.0,5.3,2.7,0,0,0,0.0,0,0,0,0.0,0.0,0.0,0.0,43,2.0,84,1,9
84,2008416928,82481976,Flacco Joe,2011,26,rav,qb,5,16,16,39,88,1,13,33,2.3,5.5,2.4,1,1,-8,-8.0,0,0,-8,0.1,-0.5,0.0,0.0,40,2.0,80,1,11
85,-952714233,82481976,Flacco Joe,2012,27,rav,qb,5,16,16,32,22,3,11,16,0.7,1.4,2.0,0,0,0,0.0,0,0,0,0.0,0.0,0.0,0.0,32,0.7,22,3,9
86,259080521,82481976,Flacco Joe,2013,28,rav,qb,5,16,16,27,131,1,12,22,4.9,8.2,1.7,0,0,0,0.0,0,0,0,0.0,0.0,0.0,0.0,27,4.9,131,1,8
87,197739836,82481976,Flacco Joe,2014,29,rav,qb,5,16,16,39,70,2,17,15,1.8,4.4,2.4,0,0,0,0.0,0,0,0,0.0,0.0,0.0,0.0,39,1.8,70,2,6
88,-1696648327,82481976,Flacco Joe,2015,30,rav,qb,5,10,10,13,23,3,6,16,1.8,2.3,1.3,0,0,0,0.0,0,0,0,0.0,0.0,0.0,0.0,13,1.8,23,3,5
89,-2118693103,82481976,Flacco Joe,2016,31,rav,qb,5,16,16,21,58,2,6,16,2.8,3.6,1.3,0,0,0,0.0,0,0,0,0.0,0.0,0.0,0.0,21,2.8,58,2,5
90,-1396604455,82481976,Flacco Joe,2017,32,rav,qb,5,16,16,25,54,1,4,25,2.2,3.4,1.6,0,0,0,0.0,0,0,0,0.0,0.0,0.0,0.0,25,2.2,54,1,6
91,-1533887382,82481976,Flacco Joe,2018,33,rav,qb,5,9,9,19,45,0,10,13,2.4,5.0,2.1,0,0,0,0.0,0,0,0,0.0,0.0,0.0,0.0,19,2.4,45,0,3
92,-754447359,82481976,Flacco Joe,2019,34,den,qb,5,8,8,12,20,0,4,9,1.7,2.5,1.5,0,0,0,0.0,0,0,0,0.0,0.0,0.0,0.0,12,1.7,20,0,8
93,1808648547,-1347550939,Rodgers Aaron,2010,27,gnb,qb,12,15,15,64,356,4,22,27,5.6,23.7,4.3,0,0,0,0.0,0,0,0,0.0,0.0,0.0,0.0,64,5.6,356,4,4
94,579252043,-1347550939,Rodgers Aaron,2011,28,gnb,qb,12,15,15,60,257,3,18,25,4.3,17.1,4.0,0,0,0,0.0,0,0,0,0.0,0.0,0.0,0.0,60,4.3,257,3,5
95,1855619940,-1347550939,Rodgers Aaron,2012,29,gnb,qb,12,16,16,54,259,2,20,27,4.8,16.2,3.4,1,1,-1,-1.0,0,0,-1,0.1,-0.1,0.0,0.0,55,4.7,258,2,5
96,-1386726937,-1347550939,Rodgers Aaron,2013,30,gnb,qb,12,9,9,30,120,0,11,18,4.0,13.3,3.3,0,0,0,0.0,0,0,0,0.0,0.0,0.0,0.0,30,4.0,120,0,5
97,-2039054993,-1347550939,Rodgers Aaron,2014,31,gnb,qb,12,16,16,43,269,2,22,19,6.3,16.8,2.7,0,0,0,0.0,0,0,0,0.0,0.0,0.0,0.0,43,6.3,269,2,12
98,-899404474,-1347550939,Rodgers Aaron,2015,32,gnb,qb,12,16,16,58,344,1,20,18,5.9,21.5,3.6,0,0,0,0.0,0,0,0,0.0,0.0,0.0,0.0,58,5.9,344,1,8
99,1045215930,-1347550939,Rodgers Aaron,2016,33,gnb,qb,12,16,16,67,369,4,26,23,5.5,23.1,4.2,0,0,0,0.0,0,0,0,0.0,0.0,0.0,0.0,67,5.5,369,4,8
100,1660038286,-1347550939,Rodgers Aaron,2017,34,gnb,qb,12,7,7,24,126,0,10,18,5.3,18.0,3.4,0,0,0,0.0,0,0,0,0.0,0.0,0.0,0.0,24,5.3,126,0,1
101,333560124,-1347550939,Rodgers Aaron,2018,35,gnb,qb,12,16,16,43,269,2,20,23,6.3,16.8,2.7,0,0,0,0.0,0,0,0,0.0,0.0,0.0,0.0,43,6.3,269,2,6
102,-1386124638,-1347550939,Rodgers Aaron,2019,36,gnb,qb,12,16,16,46,183,1,9,17,4.0,11.4,2.9,0,0,0,0.0,0,0,0,0.0,0.0,0.0,0.0,46,4.0,183,1,4
103,63072947,-1653268538,Freeman Josh,2010,22,tam,qb,5,16,16,68,364,0,30,33,5.4,22.8,4.3,0,0,0,0.0,0,0,0,0.0,0.0,0.0,0.0,68,5.4,364,0,7
104,-1153542214,-1653268538,Freeman Josh,2011,23,tam,qb,5,15,15,55,238,4,25,25,4.3,15.9,3.7,1,0,-4,0.0,0,0,-4,0.0,-0.3,0.0,0.0,55,4.3,234,4,9
105,-287829695,-1653268538,Freeman Josh,2012,24,tam,qb,5,16,16,39,139,0,16,13,3.6,8.7,2.4,0,0,0,0.0,0,0,0,0.0,0.0,0.0,0.0,39,3.6,139,0,10
106,-1034951681,1965714639,McNabb Donovan,2010,34,was,qb,5,13,13,29,151,0,8,36,5.2,11.6,2.2,0,0,0,0.0,0,0,0,0.0,0.0,0.0,0.0,29,5.2,151,0,10
107,2016771885,1965714639,McNabb Donovan,2011,35,min,qb,5,6,6,14,59,1,5,23,4.2,9.8,2.3,0,0,0,0.0,0,0,0,0.0,0.0,0.0,0.0,14,4.2,59,1,2
108,-1094057673,65093758,Cassel Matt,2010,28,kan,qb,7,15,15,33,125,0,5,23,3.8,8.3,2.2,0,0,0,0.0,0,0,0,0.0,0.0,0.0,0.0,33,3.8,125,0,3
109,485678557,65093758,Cassel Matt,2011,29,kan,qb,7,9,9,25,99,0,5,11,4.0,11.0,2.8,1,1,-4,-4.0,0,0,-4,0.1,-0.4,0.0,0.0,26,3.7,95,0,5
110,55336869,65093758,Cassel Matt,2012,30,kan,qb,7,9,8,27,145,1,12,21,5.4,16.1,3.0,0,0,0,0.0,0,0,0,0.0,0.0,0.0,0.0,27,5.4,145,1,8
111,-1908546001,65093758,Cassel Matt,2013,31,min,qb,16,9,6,18,57,1,3,13,3.2,6.3,2.0,0,0,0,0.0,0,0,0,0.0,0.0,0.0,0.0,18,3.2,57,1,3
112,-1123679528,-1429869480,Hasselbeck Matt,2010,35,sea,qb,8,14,14,23,60,3,7,20,2.6,4.3,1.6,0,0,0,0.0,0,0,0,0.0,0.0,0.0,0.0,23,2.6,60,3,7
113,-120646617,-1429869480,Hasselbeck Matt,2011,36,oti,qb,8,16,16,20,52,0,4,21,2.6,3.3,1.3,0,0,0,0.0,0,0,0,0.0,0.0,0.0,0.0,20,2.6,52,0,4
114,-199670056,-1429869480,Hasselbeck Matt,2012,37,oti,qb,8,8,5,13,38,0,2,16,2.9,4.8,1.6,0,0,0,0.0,0,0,0,0.0,0.0,0.0,0.0,13,2.9,38,0,3
115,1098754996,-1429869480,Hasselbeck Matt,2015,40,clt,qb,8,8,8,16,15,0,2,10,0.9,1.9,2.0,0,0,0,0.0,0,0,0,0.0,0.0,0.0,0.0,16,0.9,15,0,3
116,589349037,1497878995,Fitzpatrick Ryan,2010,28,buf,qb,14,13,13,40,269,0,15,22,6.7,20.7,3.1,0,0,0,0.0,0,0,0,0.0,0.0,0.0,0.0,40,6.7,269,0,8
117,-91065227,1497878995,Fitzpatrick Ryan,2011,29,buf,qb,14,16,16,56,215,0,20,18,3.8,13.4,3.5,0,0,0,0.0,0,0,0,0.0,0.0,0.0,0.0,56,3.8,215,0,7
118,-404228283,1497878995,Fitzpatrick Ryan,2012,30,buf,qb,14,16,16,48,197,1,9,20,4.1,12.3,3.0,0,0,0,0.0,0,0,0,0.0,0.0,0.0,0.0,48,4.1,197,1,8
119,1290331889,1497878995,Fitzpatrick Ryan,2013,31,oti,qb,4,11,9,43,225,3,17,26,5.2,20.5,3.9,1,1,0,0.0,0,0,0,0.1,0.0,0.0,0.0,44,5.1,225,3,9
120,1630222805,1497878995,Fitzpatrick Ryan,2014,32,htx,qb,14,12,12,50,184,2,13,16,3.7,15.3,4.2,0,0,0,0.0,0,0,0,0.0,0.0,0.0,0.0,50,3.7,184,2,5
121,49883368,1497878995,Fitzpatrick Ryan,2015,33,nyj,qb,14,16,16,60,270,2,23,19,4.5,16.9,3.8,0,0,0,0.0,0,0,0,0.0,0.0,0.0,0.0,60,4.5,270,2,5
122,-725741414,1497878995,Fitzpatrick Ryan,2016,34,nyj,qb,14,14,11,33,130,0,7,14,3.9,9.3,2.4,0,0,0,0.0,0,0,0,0.0,0.0,0.0,0.0,33,3.9,130,0,9
123,-1141092619,1497878995,Fitzpatrick Ryan,2018,36,tam,qb,14,8,7,36,152,2,9,18,4.2,19.0,4.5,0,0,0,0.0,0,0,0,0.0,0.0,0.0,0.0,36,4.2,152,2,4
124,-875318527,1497878995,Fitzpatrick Ryan,2019,37,mia,qb,14,15,13,54,243,4,16,20,4.5,16.2,3.6,0,0,0,0.0,0,0,0,0.0,0.0,0.0,0.0,54,4.5,243,4,9
125,-177265235,1770057479,Cutler Jay,2010,27,chi,qb,6,15,15,50,232,1,18,25,4.6,15.5,3.3,0,0,0,0.0,0,0,0,0.0,0.0,0.0,0.0,50,4.6,232,1,10
126,474805153,1770057479,Cutler Jay,2011,28,chi,qb,6,10,10,18,55,1,4,12,3.1,5.5,1.8,0,0,0,0.0,0,0,0,0.0,0.0,0.0,0.0,18,3.1,55,1,7
127,-1941862510,1770057479,Cutler Jay,2012,29,chi,qb,6,15,15,41,233,0,15,24,5.7,15.5,2.7,0,0,0,0.0,0,0,0,0.0,0.0,0.0,0.0,41,5.7,233,0,8
128,-914270459,1770057479,Cutler Jay,2013,30,chi,qb,6,11,11,23,118,0,7,18,5.1,10.7,2.1,0,0,0,0.0,0,0,0,0.0,0.0,0.0,0.0,23,5.1,118,0,5
129,1439743120,1770057479,Cutler Jay,2014,31,chi,qb,6,15,15,39,191,2,14,25,4.9,12.7,2.6,0,0,0,0.0,0,0,0,0.0,0.0,0.0,0.0,39,4.9,191,2,12
130,39735512,1770057479,Cutler Jay,2015,32,chi,qb,6,15,15,38,201,1,16,26,5.3,13.4,2.5,0,0,0,0.0,0,0,0,0.0,0.0,0.0,0.0,38,5.3,201,1,8
131,-1411846362,1770057479,Cutler Jay,2016,33,chi,qb,6,5,5,5,24,0,1,12,4.8,4.8,1.0,0,0,0,0.0,0,0,0,0.0,0.0,0.0,0.0,5,4.8,24,0,6
132,-816371057,1770057479,Cutler Jay,2017,34,mia,qb,6,14,14,19,32,0,3,9,1.7,2.3,1.4,0,0,0,0.0,0,0,0,0.0,0.0,0.0,0.0,19,1.7,32,0,6
133,-1623959900,-1749548283,Hill Shaun,2010,30,det,qb,14,11,10,22,123,0,10,40,5.6,11.2,2.0,0,0,0,0.0,0,0,0,0.0,0.0,0.0,0.0,22,5.6,123,0,3
134,62243122,-1749548283,Hill Shaun,2014,34,ram,qb,14,9,8,10,10,1,1,9,1.0,1.1,1.1,1,1,0,0.0,0,0,0,0.1,0.0,0.0,0.0,11,0.9,10,1,7
135,645699554,766382453,Roethlisberger Ben,2010,28,pit,qb,7,12,12,34,176,2,15,31,5.2,14.7,2.8,0,0,0,0.0,0,0,0,0.0,0.0,0.0,0.0,34,5.2,176,2,6
136,1237525272,766382453,Roethlisberger Ben,2011,29,pit,qb,7,15,15,31,70,0,6,11,2.3,4.7,2.1,0,0,0,0.0,0,0,0,0.0,0.0,0.0,0.0,31,2.3,70,0,9
137,1696907002,766382453,Roethlisberger Ben,2012,30,pit,qb,7,13,13,26,92,0,5,14,3.5,7.1,2.0,0,0,0,0.0,0,0,0,0.0,0.0,0.0,0.0,26,3.5,92,0,6
138,730394011,766382453,Roethlisberger Ben,2013,31,pit,qb,7,16,16,27,99,1,5,19,3.7,6.2,1.7,0,0,5,0.0,0,0,5,0.0,0.3,0.0,0.0,27,3.9,104,1,9
139,-1071121756,766382453,Roethlisberger Ben,2014,32,pit,qb,7,16,16,33,27,0,6,8,0.8,1.7,2.1,0,0,-6,0.0,0,0,-6,0.0,-0.4,0.0,0.0,33,0.6,21,0,9
140,1884418105,766382453,Roethlisberger Ben,2015,33,pit,qb,7,12,11,15,29,0,4,13,1.9,2.4,1.3,0,0,-3,0.0,0,0,0,0.0,-0.3,0.0,0.0,15,1.7,26,0,2
141,173736002,766382453,Roethlisberger Ben,2016,34,pit,qb,7,14,14,16,14,1,3,14,0.9,1.0,1.1,0,0,0,0.0,0,0,0,0.0,0.0,0.0,0.0,16,0.9,14,1,8
142,-1698605195,766382453,Roethlisberger Ben,2017,35,pit,qb,7,15,15,28,47,0,7,14,1.7,3.1,1.9,0,0,0,0.0,0,0,0,0.0,0.0,0.0,0.0,28,1.7,47,0,3
143,359952873,766382453,Roethlisberger Ben,2018,36,pit,qb,7,16,16,31,98,3,13,18,3.2,6.1,1.9,1,1,-1,-1.0,0,0,-1,0.1,-0.1,0.0,0.0,32,3.0,97,3,7
144,-248489069,2111143530,Vick Michael,2010,30,phi,qb,7,12,12,100,676,9,36,35,6.8,56.3,8.3,0,0,0,0.0,0,0,0,0.0,0.0,0.0,0.0,100,6.8,676,9,0
145,-443458450,2111143530,Vick Michael,2011,31,phi,qb,7,13,13,76,589,1,27,53,7.8,45.3,5.8,0,0,0,0.0,0,0,0,0.0,0.0,0.0,0.0,76,7.8,589,1,10
146,-847248203,2111143530,Vick Michael,2012,32,phi,qb,7,10,10,62,332,1,20,20,5.4,33.2,6.2,0,0,0,0.0,0,0,0,0.0,0.0,0.0,0.0,62,5.4,332,1,11
147,1231946671,2111143530,Vick Michael,2013,33,phi,qb,7,7,6,36,306,2,17,61,8.5,43.7,5.1,0,0,-2,0.0,0,0,-2,0.0,-0.3,0.0,0.0,36,8.4,304,2,4
148,1349556707,-240298878,Garrard David,2010,32,jax,qb,9,14,14,66,279,5,29,25,4.2,19.9,4.7,0,0,0,0.0,0,0,0,0.0,0.0,0.0,0.0,66,4.2,279,5,0
149,-231775879,947900537,Favre Brett,2010,41,min,qb,4,13,13,17,8,0,1,10,0.5,0.6,1.3,0,0,0,0.0,0,0,0,0.0,0.0,0.0,0.0,17,0.5,8,0,7
150,-186047462,-245464400,Smith Alex,2010,26,sfo,qb,11,11,10,18,60,0,3,12,3.3,5.5,1.6,0,0,0,0.0,0,0,0,0.0,0.0,0.0,0.0,18,3.3,60,0,4
151,-1010484510,-245464400,Smith Alex,2011,27,sfo,qb,11,16,16,52,179,2,13,14,3.4,11.2,3.3,0,0,0,0.0,0,0,0,0.0,0.0,0.0,0.0,52,3.4,179,2,7
152,-1500773880,-245464400,Smith Alex,2012,28,sfo,qb,11,10,9,31,132,0,6,24,4.3,13.2,3.1,0,0,0,0.0,0,0,0,0.0,0.0,0.0,0.0,31,4.3,132,0,3
153,-825605151,-245464400,Smith Alex,2013,29,kan,qb,11,15,15,76,431,1,24,26,5.7,28.7,5.1,1,1,-4,-4.0,0,0,-4,0.1,-0.3,0.0,0.0,77,5.5,427,1,8
154,2041242847,-245464400,Smith Alex,2014,30,kan,qb,11,15,15,49,254,1,15,25,5.2,16.9,3.3,0,0,0,0.0,0,0,0,0.0,0.0,0.0,0.0,49,5.2,254,1,4
155,1463839808,-245464400,Smith Alex,2015,31,kan,qb,11,16,16,84,498,2,34,49,5.9,31.1,5.3,0,0,0,0.0,0,0,0,0.0,0.0,0.0,0.0,84,5.9,498,2,4
156,-1544738786,-245464400,Smith Alex,2016,32,kan,qb,11,15,15,48,134,5,11,24,2.8,8.9,3.2,1,1,3,3.0,0,0,3,0.1,0.2,0.0,3.0,49,2.8,137,5,7
157,1703155008,-245464400,Smith Alex,2017,33,kan,qb,11,15,15,60,355,1,20,70,5.9,23.7,4.0,0,0,0,0.0,0,0,0,0.0,0.0,0.0,0.0,60,5.9,355,1,2
158,-1544154520,-245464400,Smith Alex,2018,34,was,qb,11,10,10,41,168,1,15,22,4.1,16.8,4.1,0,0,0,0.0,0,0,0,0.0,0.0,0.0,0.0,41,4.1,168,1,6
159,-32938102,124617583,Campbell Jason,2010,29,rai,qb,8,13,12,47,222,1,13,24,4.7,17.1,3.6,0,0,0,0.0,0,0,0,0.0,0.0,0.0,0.0,47,4.7,222,1,9
160,416798382,124617583,Campbell Jason,2011,30,rai,qb,8,6,6,18,60,2,7,17,3.3,10.0,3.0,0,0,0,0.0,0,0,0,0.0,0.0,0.0,0.0,18,3.3,60,2,3
161,-2109793987,124617583,Campbell Jason,2013,32,cle,qb,17,9,8,14,107,0,6,21,7.6,11.9,1.6,0,0,0,0.0,0,0,0,0.0,0.0,0.0,0.0,14,7.6,107,0,3
162,445889153,-1233585796,Anderson Derek,2010,27,crd,qb,3,12,9,5,25,0,2,11,5.0,2.1,0.4,0,0,0,0.0,0,0,0,0.0,0.0,0.0,0.0,5,5.0,25,0,6
163,1475232570,-1848808404,Kitna Jon,2010,38,dal,qb,3,10,9,31,147,1,5,29,4.7,14.7,3.1,0,0,0,0.0,0,0,0,0.0,0.0,0.0,0.0,31,4.7,147,1,6
164,-221681835,-1732958096,Clausen Jimmy,2010,23,car,qb,2,13,10,23,57,0,3,11,2.5,4.4,1.8,0,0,0,0.0,0,0,0,0.0,0.0,0.0,0.0,23,2.5,57,0,9
165,-2041251292,436547542,Collins Kerry,2010,38,oti,qb,5,10,7,10,1,0,1,4,0.1,0.1,1.0,0,0,0,0.0,0,0,0,0.0,0.0,0.0,0.0,10,0.1,1,0,5
166,-270446972,-1285512837,McCoy Colt,2010,24,cle,qb,12,8,8,28,136,1,10,18,4.9,17.0,3.5,1,1,13,13.0,0,1,13,0.1,1.6,0.0,13.0,29,5.1,149,1,1
167,58891958,-1285512837,McCoy Colt,2011,25,cle,qb,12,13,13,61,212,0,19,20,3.5,16.3,4.7,1,1,-5,-5.0,0,0,-5,0.1,-0.4,0.0,0.0,62,3.3,207,0,11
168,-1898597461,-1285512837,McCoy Colt,2014,28,was,qb,16,5,4,16,66,1,5,20,4.1,13.2,3.2,0,0,0,0.0,0,0,0,0.0,0.0,0.0,0.0,16,4.1,66,1,6
169,-35493389,1688629730,Romo Tony,2010,30,dal,qb,9,6,6,6,38,0,2,14,6.3,6.3,1.0,0,0,11,0.0,0,0,11,0.0,1.8,0.0,0.0,6,8.2,49,0,0
170,479940232,1688629730,Romo Tony,2011,31,dal,qb,9,16,16,22,46,1,4,17,2.1,2.9,1.4,0,0,0,0.0,0,0,0,0.0,0.0,0.0,0.0,22,2.1,46,1,7
171,1889444469,1688629730,Romo Tony,2012,32,dal,qb,9,16,16,30,49,1,6,15,1.6,3.1,1.9,1,1,-1,-1.0,0,0,-1,0.1,-0.1,0.0,0.0,31,1.5,48,1,6
172,1291999873,1688629730,Romo Tony,2013,33,dal,qb,9,15,15,20,38,0,5,15,1.9,2.5,1.3,0,0,0,0.0,0,0,0,0.0,0.0,0.0,0.0,20,1.9,38,0,4
173,-1010204932,1688629730,Romo Tony,2014,34,dal,qb,9,15,15,26,61,0,6,21,2.3,4.1,1.7,0,0,0,0.0,0,0,0,0.0,0.0,0.0,0.0,26,2.3,61,0,9
174,511804104,1688629730,Romo Tony,2015,35,dal,qb,9,4,4,4,13,0,1,12,3.3,3.3,1.0,0,0,0,0.0,0,0,0,0.0,0.0,0.0,0.0,4,3.3,13,0,1
175,1584117425,-481190082,Kolb Kevin,2010,26,phi,qb,4,7,5,15,65,0,6,19,4.3,9.3,2.1,0,0,0,0.0,0,0,0,0.0,0.0,0.0,0.0,15,4.3,65,0,6
176,-513849089,-481190082,Kolb Kevin,2011,27,crd,qb,4,9,9,17,65,0,6,17,3.8,7.2,1.9,0,0,0,0.0,0,0,0,0.0,0.0,0.0,0.0,17,3.8,65,0,8
177,-708565011,-481190082,Kolb Kevin,2012,28,crd,qb,4,6,5,16,100,1,7,22,6.3,16.7,2.7,0,0,0,0.0,0,0,0,0.0,0.0,0.0,0.0,16,6.3,100,1,2
178,-516410994,-1597664166,Gradkowski Bruce,2010,27,rai,qb,5,6,4,12,41,0,2,12,3.4,6.8,2.0,0,0,0,0.0,0,0,0,0.0,0.0,0.0,0.0,12,3.4,41,0,3
179,-70285126,1659604712,Young Vince,2010,27,oti,qb,10,9,8,25,125,0,6,20,5.0,13.9,2.8,0,0,0,0.0,0,0,0,0.0,0.0,0.0,0.0,25,5.0,125,0,6
180,-2057380529,379503710,Delhomme Jake,2010,35,cle,qb,17,5,4,8,2,0,1,2,0.3,0.4,1.6,0,0,0,0.0,0,0,0,0.0,0.0,0.0,0.0,8,-0.3,-2,0,3
181,-1420771015,-1469818203,Smith Troy,2010,26,sfo,qb,1,6,6,23,121,1,9,16,5.3,20.2,3.8,0,0,0,0.0,0,0,0,0.0,0.0,0.0,0.0,23,5.3,121,1,6
182,-362818858,-228175958,Moore Matt,2010,26,car,qb,3,6,5,5,25,0,1,8,5.0,4.2,0.8,0,0,0,0.0,0,0,0,0.0,0.0,0.0,0.0,5,5.0,25,0,4
183,-1926424061,-228175958,Moore Matt,2011,27,mia,qb,8,13,12,32,65,2,5,16,2.0,5.0,2.5,0,0,0,0.0,0,0,0,0.0,0.0,0.0,0.0,32,2.0,65,2,0
184,-912971846,-950977101,Skelton John,2010,22,crd,qb,19,5,4,10,49,0,3,16,4.9,9.8,2.0,0,0,0,0.0,0,0,0,0.0,0.0,0.0,0.0,10,4.9,49,0,3
185,1822060749,-950977101,Skelton John,2011,23,crd,qb,19,8,7,28,128,0,11,14,4.6,16.0,3.5,0,0,0,0.0,0,0,0,0.0,0.0,0.0,0.0,28,4.6,128,0,4
186,96245885,-950977101,Skelton John,2012,24,crd,qb,19,7,6,4,5,0,1,2,1.3,0.7,0.6,0,0,0,0.0,0,0,0,0.0,0.0,0.0,0.0,4,1.3,5,0,4
187,-2011891764,1396223254,Wallace Seneca,2010,30,cle,qb,6,8,4,7,9,0,1,6,1.3,1.1,0.9,1,1,9,9.0,0,1,9,0.1,1.1,0.0,9.0,8,2.3,18,0,1
188,-1425874562,-580681276,Stafford Matthew,2011,23,det,qb,9,16,16,22,78,0,7,22,3.5,4.9,1.4,0,0,0,0.0,0,0,0,0.0,0.0,0.0,0.0,22,3.5,78,0,5
189,641050957,-580681276,Stafford Matthew,2012,24,det,qb,9,16,16,35,126,4,12,11,3.6,7.9,2.2,1,1,3,3.0,0,0,3,0.1,0.2,0.0,3.0,36,3.6,129,4,6
190,-1949923100,-580681276,Stafford Matthew,2013,25,det,qb,9,16,16,37,69,2,13,14,1.9,4.3,2.3,0,0,0,0.0,0,0,0,0.0,0.0,0.0,0.0,37,1.9,69,2,0
191,1969798579,-580681276,Stafford Matthew,2014,26,det,qb,9,16,16,43,93,2,11,18,2.2,5.8,2.7,0,0,0,0.0,0,0,0,0.0,0.0,0.0,0.0,43,2.2,93,2,10
192,-2105663022,-580681276,Stafford Matthew,2015,27,det,qb,9,16,16,44,159,1,13,18,3.6,9.9,2.8,1,1,-6,-6.0,0,0,-6,0.1,-0.4,0.0,0.0,45,3.4,153,1,4
193,798657369,-580681276,Stafford Matthew,2016,28,det,qb,9,16,16,37,207,2,16,24,5.6,12.9,2.3,1,0,0,0.0,0,0,0,0.0,0.0,0.0,0.0,37,5.6,207,2,3
194,-644838943,-580681276,Stafford Matthew,2017,29,det,qb,9,16,16,29,98,0,9,15,3.4,6.1,1.8,0,0,0,0.0,0,0,0,0.0,0.0,0.0,0.0,29,3.4,98,0,11
195,-1490255330,-580681276,Stafford Matthew,2018,30,det,qb,9,16,16,25,71,0,8,10,2.8,4.4,1.6,0,0,0,0.0,0,0,0,0.0,0.0,0.0,0.0,25,2.8,71,0,6
196,1431471917,-580681276,Stafford Matthew,2019,31,det,qb,9,8,8,20,66,0,5,12,3.3,8.3,2.5,0,0,0,0.0,0,0,0,0.0,0.0,0.0,0.0,20,3.3,66,0,5
197,1224759035,663761021,Newton Cam,2011,22,car,qb,1,16,16,126,706,14,53,49,5.6,44.1,7.9,1,1,27,27.0,0,1,27,0.1,1.7,0.0,27.0,127,5.8,733,14,5
198,-1768741632,663761021,Newton Cam,2012,23,car,qb,1,16,16,127,741,8,52,72,5.8,46.3,7.9,1,0,6,0.0,0,0,6,0.0,0.4,0.0,6.0,127,5.9,747,8,10
199,482772758,663761021,Newton Cam,2013,24,car,qb,1,16,16,111,585,6,45,56,5.3,36.6,6.9,0,0,0,0.0,0,0,0,0.0,0.0,0.0,0.0,111,5.3,585,6,3
200,-7941063,663761021,Newton Cam,2014,25,car,qb,1,14,14,103,539,5,48,22,5.2,38.5,7.4,0,0,0,0.0,0,0,0,0.0,0.0,0.0,0.0,103,5.2,539,5,12
201,-1852370488,663761021,Newton Cam,2015,26,car,qb,1,16,16,132,636,10,59,47,4.8,39.8,8.3,0,0,0,0.0,0,0,0,0.0,0.0,0.0,0.0,132,4.8,636,10,5
202,278864677,663761021,Newton Cam,2016,27,car,qb,1,15,14,90,359,5,28,28,4.0,23.9,6.0,0,0,0,0.0,0,0,0,0.0,0.0,0.0,0.0,90,4.0,359,5,3
203,-227323830,663761021,Newton Cam,2017,28,car,qb,1,16,16,139,754,6,46,69,5.4,47.1,8.7,0,0,0,0.0,0,0,0,0.0,0.0,0.0,0.0,139,5.4,754,6,9
204,1773529870,663761021,Newton Cam,2018,29,car,qb,1,14,14,101,488,4,36,29,4.8,34.9,7.2,0,0,0,0.0,0,0,0,0.0,0.0,0.0,0.0,101,4.8,488,4,6
205,1000424614,1476570788,Dalton Andy,2011,24,cin,qb,14,16,16,37,152,1,8,17,4.1,9.5,2.3,1,0,0,0.0,0,0,0,0.0,0.0,0.0,0.0,37,4.1,152,1,5
206,1506685151,1476570788,Dalton Andy,2012,25,cin,qb,14,16,16,47,120,4,14,17,2.6,7.5,2.9,0,0,0,0.0,0,0,0,0.0,0.0,0.0,0.0,47,2.6,120,4,4
207,1805638784,1476570788,Dalton Andy,2013,26,cin,qb,14,16,16,61,183,2,15,12,3.0,11.4,3.8,0,0,0,0.0,0,0,0,0.0,0.0,0.0,0.0,61,3.0,183,2,6
208,326715264,1476570788,Dalton Andy,2014,27,cin,qb,14,16,16,60,169,4,21,20,2.8,10.6,3.8,1,1,18,18.0,1,1,18,0.1,1.1,0.0,18.0,61,3.1,187,5,4
209,-657282178,1476570788,Dalton Andy,2015,28,cin,qb,14,13,13,57,142,3,15,12,2.5,10.9,4.4,0,0,0,0.0,0,0,0,0.0,0.0,0.0,0.0,57,2.5,142,3,5
210,515473922,1476570788,Dalton Andy,2016,29,cin,qb,14,16,16,46,184,4,17,15,4.0,11.5,2.9,0,0,0,0.0,0,0,0,0.0,0.0,0.0,0.0,46,4.0,184,4,9
211,1483358431,1476570788,Dalton Andy,2017,30,cin,qb,14,16,16,38,99,0,10,25,2.6,6.2,2.4,0,0,0,0.0,0,0,0,0.0,0.0,0.0,0.0,38,2.6,99,0,4
212,469443862,1476570788,Dalton Andy,2018,31,cin,qb,14,11,11,16,99,0,4,21,6.2,9.0,1.5,0,0,0,0.0,0,0,0,0.0,0.0,0.0,0.0,16,6.2,99,0,1
213,-2048303940,1476570788,Dalton Andy,2019,32,cin,qb,14,13,13,32,73,4,12,17,2.3,5.6,2.5,1,1,-4,-4.0,0,0,-4,0.1,-0.3,0.0,0.0,33,2.1,69,4,8
214,-1229358843,190205551,Grossman Rex,2011,31,was,qb,8,13,13,20,11,1,2,6,0.6,0.8,1.5,0,0,0,0.0,0,0,0,0.0,0.0,0.0,0.0,20,0.6,11,1,8
215,1694898305,-1979381499,Jackson Tarvaris,2011,28,sea,qb,7,15,14,40,108,1,7,13,2.7,7.2,2.7,0,0,0,0.0,0,0,0,0.0,0.0,0.0,0.0,40,2.7,108,1,9
216,912928942,-1146984473,Gabbert Blaine,2011,22,jax,qb,11,15,14,48,98,0,8,12,2.0,6.5,3.2,0,0,0,0.0,0,0,0,0.0,0.0,0.0,0.0,48,2.0,98,0,0
217,-1324296305,-1146984473,Gabbert Blaine,2012,23,jax,qb,11,10,10,18,56,0,7,10,3.1,5.6,1.8,0,0,0,0.0,0,0,0,0.0,0.0,0.0,0.0,18,3.1,56,0,5
218,-1833643243,-1146984473,Gabbert Blaine,2015,26,sfo,qb,2,8,8,32,185,1,10,44,5.8,23.1,4.0,0,0,0,0.0,0,0,0,0.0,0.0,0.0,0.0,32,5.8,185,1,4
219,1567812692,-1146984473,Gabbert Blaine,2016,27,sfo,qb,2,6,5,40,173,2,16,24,4.3,28.8,6.7,1,1,-16,-16.0,0,0,-16,0.2,-2.7,0.0,0.0,41,3.8,157,2,0
220,-1890907581,-1146984473,Gabbert Blaine,2017,28,crd,qb,7,5,5,23,82,0,7,12,3.6,16.4,4.6,0,0,0,0.0,0,0,0,0.0,0.0,0.0,0.0,23,3.6,82,0,7
221,-866538336,1562025141,Ponder Christian,2011,23,min,qb,7,11,10,28,219,0,14,28,7.8,19.9,2.5,0,0,0,0.0,0,0,0,0.0,0.0,0.0,0.0,28,7.8,219,0,6
222,1058205462,1562025141,Ponder Christian,2012,24,min,qb,7,16,16,60,253,2,12,29,4.2,15.8,3.8,1,1,-15,-15.0,0,0,-15,0.1,-0.9,0.0,0.0,61,3.9,238,2,7
223,-1132427359,1562025141,Ponder Christian,2013,25,min,qb,7,9,9,34,151,4,12,19,4.4,16.8,3.8,0,0,0,0.0,0,0,0,0.0,0.0,0.0,0.0,34,4.4,151,4,7
224,308490854,-2022053111,Tebow Tim,2011,24,den,qb,15,14,11,122,660,6,38,32,5.4,47.1,8.7,0,0,0,0.0,0,0,0,0.0,0.0,0.0,0.0,122,5.4,660,6,0
225,1760495514,-1615191615,Painter Curtis,2011,26,clt,qb,7,9,8,17,107,0,7,24,6.3,11.9,1.9,0,0,0,0.0,0,0,0,0.0,0.0,0.0,0.0,17,6.3,107,0,5
226,1561375196,2006213299,Orlovsky Dan,2011,28,clt,qb,6,8,5,6,5,0,1,7,0.8,0.6,0.8,0,0,0,0.0,0,0,0,0.0,0.0,0.0,0.0,6,0.8,5,0,7
227,-49286213,-1932123517,Palko Tyler,2011,28,kan,qb,4,6,4,5,15,0,1,12,3.0,2.5,0.8,0,0,0,0.0,0,0,0,0.0,0.0,0.0,0.0,5,3.0,15,0,1
228,-818090270,1808339644,Hanie Caleb,2011,26,chi,qb,12,6,4,13,98,0,4,24,7.5,16.3,2.2,0,0,0,0.0,0,0,0,0.0,0.0,0.0,0.0,13,7.5,98,0,1
229,-1384372606,-727174483,Luck Andrew,2012,23,clt,qb,12,16,16,62,255,5,24,19,4.1,15.9,3.9,0,0,0,0.0,0,0,0,0.0,0.0,0.0,0.0,62,4.1,255,5,10
230,-856906739,-727174483,Luck Andrew,2013,24,clt,qb,12,16,16,63,377,4,23,29,6.0,23.6,3.9,0,0,0,0.0,0,0,0,0.0,0.0,0.0,0.0,63,6.0,377,4,6
231,-283077395,-727174483,Luck Andrew,2014,25,clt,qb,12,16,16,64,273,3,20,20,4.3,17.1,4.0,0,0,0,0.0,0,0,0,0.0,0.0,0.0,0.0,64,4.3,273,3,0
232,1830857064,-727174483,Luck Andrew,2015,26,clt,qb,12,7,7,33,196,0,13,25,5.9,28.0,4.7,0,0,0,0.0,0,0,0,0.0,0.0,0.0,0.0,33,5.9,196,0,3
233,-2104374607,-727174483,Luck Andrew,2016,27,clt,qb,12,15,15,64,341,2,20,33,5.3,22.7,4.3,0,0,0,0.0,0,0,0,0.0,0.0,0.0,0.0,64,5.3,341,2,6
234,-366881581,-727174483,Luck Andrew,2018,29,clt,qb,12,16,16,46,148,0,14,33,3.2,9.3,2.9,2,1,4,4.0,0,1,4,0.1,0.3,0.0,2.0,47,3.2,152,0,6
235,1311317725,-1852919812,Weeden Brandon,2012,29,cle,qb,3,15,15,27,111,0,12,25,4.1,7.4,1.8,1,0,-9,0.0,0,0,-9,0.0,-0.6,0.0,0.0,27,3.8,102,0,6
236,-485830047,-1852919812,Weeden Brandon,2013,30,cle,qb,3,8,5,12,44,0,2,11,3.7,5.5,1.5,0,0,0,0.0,0,0,0,0.0,0.0,0.0,0.0,12,3.7,44,0,6
237,-426230586,-1153590125,Tannehill Ryan,2012,24,mia,qb,17,16,16,49,211,2,16,31,4.3,13.2,3.1,0,0,0,0.0,0,0,0,0.0,0.0,0.0,0.0,49,4.3,211,2,9
238,2081244773,-1153590125,Tannehill Ryan,2013,25,mia,qb,17,16,16,40,238,1,12,48,6.0,14.9,2.5,0,0,0,0.0,0,0,0,0.0,0.0,0.0,0.0,40,6.0,238,1,9
239,-1790977454,-1153590125,Tannehill Ryan,2014,26,mia,qb,17,16,16,56,311,1,18,40,5.6,19.4,3.5,1,1,-4,-4.0,0,0,0,0.1,-0.3,0.0,0.0,57,5.4,307,1,10
240,227148779,-1153590125,Tannehill Ryan,2015,27,mia,qb,17,16,16,32,141,1,8,28,4.4,8.8,2.0,1,1,9,9.0,0,1,9,0.1,0.6,0.0,9.0,33,4.5,150,1,10
241,206992073,-1153590125,Tannehill Ryan,2016,28,mia,qb,17,13,13,39,164,1,11,18,4.2,12.6,3.0,0,0,0,0.0,0,0,0,0.0,0.0,0.0,0.0,39,4.2,164,1,9
242,-225547452,-1153590125,Tannehill Ryan,2018,30,mia,qb,17,11,11,32,145,0,9,20,4.5,13.2,2.9,1,1,3,3.0,1,1,3,0.1,0.3,0.0,3.0,33,4.5,148,1,5
243,-1957567716,-1153590125,Tannehill Ryan,2019,31,oti,qb,17,12,10,43,185,4,14,25,4.3,15.4,3.6,0,0,0,0.0,0,0,0,0.0,0.0,0.0,0.0,43,4.3,185,4,6
244,1360796544,-699196471,Griffin Robert,2012,22,was,qb,10,15,15,120,815,7,45,76,6.8,54.3,8.0,1,0,0,0.0,0,0,0,0.0,0.0,0.0,0.0,120,6.8,815,7,12
245,844565148,-699196471,Griffin Robert,2013,23,was,qb,10,13,13,86,489,0,26,26,5.7,37.6,6.6,0,0,0,0.0,0,0,0,0.0,0.0,0.0,0.0,86,5.7,489,0,11
246,-1207334424,-699196471,Griffin Robert,2014,24,was,qb,10,9,7,38,176,1,10,23,4.6,19.6,4.2,0,0,0,0.0,0,0,0,0.0,0.0,0.0,0.0,38,4.6,176,1,9
247,871143230,-699196471,Griffin Robert,2016,26,cle,qb,10,5,5,31,190,2,10,20,6.1,38.0,6.2,0,0,0,0.0,0,0,0,0.0,0.0,0.0,0.0,31,6.1,190,2,4
248,941971644,-1576629714,Wilson Russell,2012,24,sea,qb,3,16,16,94,489,4,29,25,5.2,30.6,5.9,0,0,0,0.0,0,0,0,0.0,0.0,0.0,0.0,94,5.2,489,4,6
249,392795152,-1576629714,Wilson Russell,2013,25,sea,qb,3,16,16,96,539,1,31,27,5.6,33.7,6.0,0,0,0,0.0,0,0,0,0.0,0.0,0.0,0.0,96,5.6,539,1,0
250,-1201958768,-1576629714,Wilson Russell,2014,26,sea,qb,3,16,16,118,849,6,47,55,7.2,53.1,7.4,1,1,17,17.0,0,1,17,0.1,1.1,0.0,17.0,119,7.3,866,6,0
251,345892721,-1576629714,Wilson Russell,2015,27,sea,qb,3,16,16,103,553,1,31,24,5.4,34.6,6.4,0,0,0,0.0,0,0,0,0.0,0.0,0.0,0.0,103,5.4,553,1,7
252,1849632805,-1576629714,Wilson Russell,2016,28,sea,qb,3,16,16,72,259,1,18,18,3.6,16.2,4.5,2,2,14,7.0,1,1,15,0.1,0.9,0.0,7.0,74,3.7,273,2,8
253,-1207288848,-1576629714,Wilson Russell,2017,29,sea,qb,3,16,16,95,586,3,36,31,6.2,36.6,5.9,0,0,0,0.0,0,0,0,0.0,0.0,0.0,0.0,95,6.2,586,3,14
254,-1674954079,-1576629714,Wilson Russell,2018,30,sea,qb,3,16,16,67,376,0,25,40,5.6,23.5,4.2,1,1,-11,-11.0,0,0,-11,0.1,-0.7,0.0,0.0,68,5.4,365,0,10
255,805841854,-1576629714,Wilson Russell,2019,31,sea,qb,3,16,16,75,342,3,17,21,4.6,21.4,4.7,0,0,0,0.0,0,0,0,0.0,0.0,0.0,0.0,75,4.6,342,3,8
256,787990015,1132117231,Locker Jake,2012,24,oti,qb,10,11,11,41,291,1,14,32,7.1,26.5,3.7,1,0,0,0.0,0,0,0,0.0,0.0,0.0,0.0,41,7.1,291,1,4
257,-1230653698,1132117231,Locker Jake,2013,25,oti,qb,10,7,7,24,155,2,10,39,6.5,22.1,3.4,0,0,0,0.0,0,0,0,0.0,0.0,0.0,0.0,24,6.5,155,2,3
258,-1889451201,1132117231,Locker Jake,2014,26,oti,qb,10,7,5,22,142,1,11,29,6.5,20.3,3.1,0,0,0,0.0,0,0,0,0.0,0.0,0.0,0.0,22,6.5,142,1,3
259,979552597,-1457882352,Foles Nick,2012,23,phi,qb,9,7,6,11,42,1,6,14,3.8,6.0,1.6,0,0,0,0.0,0,0,0,0.0,0.0,0.0,0.0,11,3.8,42,1,8
260,896024638,-1457882352,Foles Nick,2013,24,phi,qb,9,13,10,57,221,3,16,21,3.9,17.0,4.4,0,0,0,0.0,0,0,0,0.0,0.0,0.0,0.0,57,3.9,221,3,4
261,988877327,-1457882352,Foles Nick,2014,25,phi,qb,9,8,8,16,68,0,6,14,4.3,8.5,2.0,0,0,0,0.0,0,0,0,0.0,0.0,0.0,0.0,16,4.3,68,0,4
262,-1781069703,-1457882352,Foles Nick,2015,26,ram,qb,5,11,11,17,20,1,4,10,1.2,1.8,1.5,0,0,0,0.0,0,0,0,0.0,0.0,0.0,0.0,17,1.2,20,1,5
263,-1300270516,-1457882352,Foles Nick,2018,29,phi,qb,9,5,5,9,17,0,7,4,1.9,3.4,1.8,1,1,10,10.0,0,1,15,0.2,2.0,0.0,10.0,10,2.7,27,0,4
264,-133203819,-1457882352,Foles Nick,2019,30,jax,qb,7,4,4,4,23,0,2,13,5.8,5.8,1.0,0,0,0,0.0,0,0,0,0.0,0.0,0.0,0.0,4,5.8,23,0,2
265,194086710,1884505392,Kaepernick Colin,2012,25,sfo,qb,7,13,7,63,415,5,20,50,6.6,31.9,4.8,0,0,0,0.0,0,0,0,0.0,0.0,0.0,0.0,63,6.6,415,5,9
266,-1285173191,1884505392,Kaepernick Colin,2013,26,sfo,qb,7,16,16,92,524,4,28,28,5.7,32.8,5.8,0,0,0,0.0,0,0,0,0.0,0.0,0.0,0.0,92,5.7,524,4,9
267,-1237215185,1884505392,Kaepernick Colin,2014,27,sfo,qb,7,16,16,104,639,1,28,90,6.1,39.9,6.5,0,0,0,0.0,0,0,0,0.0,0.0,0.0,0.0,104,6.1,639,1,8
268,-452953433,1884505392,Kaepernick Colin,2015,28,sfo,qb,7,9,8,45,256,1,15,15,5.7,28.4,5.0,0,0,0,0.0,0,0,0,0.0,0.0,0.0,0.0,45,5.7,256,1,5
269,-295199678,1884505392,Kaepernick Colin,2016,29,sfo,qb,7,12,11,69,468,2,29,30,6.8,39.0,5.8,0,0,0,0.0,0,0,0,0.0,0.0,0.0,0.0,69,6.8,468,2,9
270,1684585909,-2032470821,Quinn Brady,2012,28,kan,qb,9,10,8,19,66,0,2,12,3.5,6.6,1.9,1,0,0,0.0,0,0,0,0.0,0.0,0.0,0.0,19,3.5,66,0,1
271,-1979344040,-2013052061,Lindley Ryan,2012,23,crd,qb,14,6,4,4,7,0,1,8,1.8,1.2,0.7,0,0,0,0.0,0,0,0,0.0,0.0,0.0,0.0,4,1.8,7,0,3
272,-1612124039,107076031,Smith Geno,2013,23,nyj,qb,7,16,16,72,366,6,24,32,5.1,22.9,4.5,1,1,13,13.0,0,1,13,0.1,0.8,0.0,13.0,73,5.2,379,6,8
273,693359960,107076031,Smith Geno,2014,24,nyj,qb,7,14,13,59,238,1,18,18,4.0,17.0,4.2,1,0,0,0.0,0,0,0,0.0,0.0,0.0,0.0,59,4.0,238,1,8
274,352967102,411211757,Glennon Mike,2013,24,tam,qb,8,13,13,27,37,0,4,16,1.4,2.8,2.1,0,0,0,0.0,0,0,0,0.0,0.0,0.0,0.0,27,1.4,37,0,7
275,2137891473,411211757,Glennon Mike,2014,25,tam,qb,8,6,5,10,49,0,3,19,4.9,8.2,1.7,0,0,0,0.0,0,0,0,0.0,0.0,0.0,0.0,10,4.9,49,0,2
276,1370102495,411211757,Glennon Mike,2017,28,chi,qb,8,4,4,4,4,0,0,2,1.0,1.0,1.0,0,0,0,0.0,0,0,0,0.0,0.0,0.0,0.0,4,1.0,4,0,5
277,-577733787,-1871021679,Manuel EJ,2013,23,buf,qb,3,10,10,53,186,2,18,19,3.5,18.6,5.3,0,0,0,0.0,0,0,0,0.0,0.0,0.0,0.0,53,3.5,186,2,6
278,256884837,-1871021679,Manuel EJ,2014,24,buf,qb,3,5,4,16,52,1,2,8,3.3,10.4,3.2,0,0,0,0.0,0,0,0,0.0,0.0,0.0,0.0,16,3.3,52,1,1
279,1156939779,1514315628,Keenum Case,2013,25,htx,qb,7,8,8,14,72,1,6,22,5.1,9.0,1.8,0,0,0,0.0,0,0,0,0.0,0.0,0.0,0.0,14,5.1,72,1,6
280,2128580705,1514315628,Keenum Case,2015,27,ram,qb,17,6,5,12,5,0,2,4,0.4,0.8,2.0,0,0,0,0.0,0,0,0,0.0,0.0,0.0,0.0,12,0.4,5,0,3
281,-1160780369,1514315628,Keenum Case,2016,28,ram,qb,17,10,9,20,51,1,8,13,2.6,5.1,2.0,0,0,0,0.0,0,0,0,0.0,0.0,0.0,0.0,20,2.6,51,1,5
282,-1180254259,1514315628,Keenum Case,2017,29,min,qb,7,15,14,40,160,1,13,22,4.0,10.7,2.7,0,0,0,0.0,0,0,0,0.0,0.0,0.0,0.0,40,4.0,160,1,1
283,-2125844759,1514315628,Keenum Case,2018,30,den,qb,4,16,16,26,93,2,11,17,3.6,5.8,1.6,0,0,0,0.0,0,0,0,0.0,0.0,0.0,0.0,26,3.6,93,2,11
284,-521726700,1514315628,Keenum Case,2019,31,was,qb,8,10,8,9,12,1,2,9,1.3,1.2,0.9,0,0,0,0.0,0,0,0,0.0,0.0,0.0,0.0,9,1.3,12,1,6
285,1346136150,-937112183,Clemens Kellen,2013,30,ram,qb,10,10,9,23,64,0,5,16,2.8,6.4,2.3,0,0,0,0.0,0,0,0,0.0,0.0,0.0,0.0,23,2.8,64,0,7
286,398317172,792233094,McCown Josh,2013,34,chi,qb,12,8,5,13,69,1,5,20,5.3,8.6,1.6,0,0,0,0.0,0,0,0,0.0,0.0,0.0,0.0,13,5.3,69,1,3
287,-718328677,792233094,McCown Josh,2014,35,tam,qb,12,11,11,25,127,3,12,16,5.1,11.5,2.3,0,0,0,0.0,0,0,0,0.0,0.0,0.0,0.0,25,5.1,127,3,10
288,-2139833985,792233094,McCown Josh,2015,36,cle,qb,13,8,8,20,98,1,10,13,4.9,12.3,2.5,0,0,0,0.0,0,0,0,0.0,0.0,0.0,0.0,20,4.9,98,1,9
289,1498717395,792233094,McCown Josh,2017,38,nyj,qb,15,13,13,37,124,5,14,22,3.4,9.5,2.8,0,0,0,0.0,0,0,0,0.0,0.0,0.0,0.0,37,3.4,124,5,11
290,-295529847,1703475469,McGloin Matt,2013,24,rai,qb,14,7,6,11,27,0,2,20,2.5,3.9,1.6,0,0,0,0.0,0,0,0,0.0,0.0,0.0,0.0,11,2.5,27,0,4
291,2069579772,1323375300,Lewis Thaddeus,2013,28,buf,qb,9,6,5,24,52,1,6,8,2.2,8.7,4.0,0,0,0,0.0,0,0,0,0.0,0.0,0.0,0.0,24,2.2,52,1,7
292,1738058282,1311559205,Carr Derek,2014,23,rai,qb,4,16,16,29,92,0,12,41,3.2,5.8,1.8,1,0,0,0.0,0,0,0,0.0,0.0,0.0,0.0,29,3.2,92,0,10
293,659182347,1311559205,Carr Derek,2015,24,rai,qb,4,16,16,33,138,0,8,24,4.2,8.6,2.1,0,0,0,0.0,0,0,0,0.0,0.0,0.0,0.0,33,4.2,138,0,10
294,720663072,1311559205,Carr Derek,2016,25,rai,qb,4,15,15,39,70,0,5,13,1.8,4.7,2.6,0,0,0,0.0,0,0,0,0.0,0.0,0.0,0.0,39,1.8,70,0,5
295,-74900430,1311559205,Carr Derek,2017,26,rai,qb,4,15,15,23,66,0,5,32,2.9,4.4,1.5,0,0,0,0.0,0,0,0,0.0,0.0,0.0,0.0,23,2.9,66,0,8
296,2050042576,1311559205,Carr Derek,2018,27,rai,qb,4,16,16,24,47,1,5,15,2.0,2.9,1.5,1,1,-9,-9.0,0,0,-9,0.1,-0.6,0.0,0.0,25,1.5,38,1,0
297,509754842,1311559205,Carr Derek,2019,28,rai,qb,4,16,16,27,82,2,7,15,3.0,5.1,1.7,0,0,0,0.0,0,0,0,0.0,0.0,0.0,0.0,27,3.0,82,2,7
298,-125234637,-108045714,Bortles Blake,2014,22,jax,qb,5,14,13,56,419,0,29,34,7.5,29.9,4.0,0,0,0,0.0,0,0,0,0.0,0.0,0.0,0.0,56,7.5,419,0,7
299,-1306303226,-108045714,Bortles Blake,2015,23,jax,qb,5,16,16,52,310,2,24,28,6.0,19.4,3.3,0,0,0,0.0,0,0,0,0.0,0.0,0.0,0.0,52,6.0,310,2,0
300,-1658483023,-108045714,Bortles Blake,2016,24,jax,qb,5,16,16,58,359,3,20,27,6.2,22.4,3.6,1,1,20,20.0,1,1,20,0.1,1.3,0.0,20.0,59,6.4,379,4,8
301,-638451027,-108045714,Bortles Blake,2017,25,jax,qb,5,16,16,57,322,2,20,28,5.6,20.1,3.6,0,0,0,0.0,0,0,0,0.0,0.0,0.0,0.0,57,5.6,322,2,9
302,-1593673408,-108045714,Bortles Blake,2018,26,jax,qb,5,13,12,58,365,1,28,41,6.3,28.1,4.5,0,0,0,0.0,0,0,0,0.0,0.0,0.0,0.0,58,6.3,365,1,8
303,-164743534,336656457,Hoyer Brian,2014,29,cle,qb,6,14,13,24,39,0,5,11,1.6,2.8,1.7,0,0,0,0.0,0,0,0,0.0,0.0,0.0,0.0,24,1.6,39,0,4
304,-252670430,336656457,Hoyer Brian,2015,30,htx,qb,7,11,9,15,44,0,6,15,2.9,4.0,1.4,0,0,0,0.0,0,0,0,0.0,0.0,0.0,0.0,15,2.9,44,0,6
305,1427757092,336656457,Hoyer Brian,2016,31,chi,qb,2,6,5,7,2,0,0,3,0.3,0.3,1.2,0,0,0,0.0,0,0,0,0.0,0.0,0.0,0.0,7,-0.3,-2,0,3
306,-1708461716,1151069139,Bridgewater Teddy,2014,22,min,qb,5,13,12,47,209,1,15,16,4.4,16.1,3.6,0,0,0,0.0,0,0,0,0.0,0.0,0.0,0.0,47,4.4,209,1,3
307,-1787598121,1151069139,Bridgewater Teddy,2015,23,min,qb,5,16,16,44,192,3,18,19,4.4,12.0,2.8,0,0,0,0.0,0,0,0,0.0,0.0,0.0,0.0,44,4.4,192,3,8
308,1698350714,1151069139,Bridgewater Teddy,2019,27,nor,qb,5,9,5,28,31,0,4,11,1.1,3.4,3.1,0,0,0,0.0,0,0,0,0.0,0.0,0.0,0.0,28,1.1,31,0,1
309,-1567984538,-713383770,Davis Austin,2014,25,ram,qb,9,10,8,16,36,0,2,12,2.3,3.6,1.6,0,0,0,0.0,0,0,0,0.0,0.0,0.0,0.0,16,2.3,36,0,5
310,836272940,1180508356,Stanton Drew,2014,30,crd,qb,5,9,8,25,63,0,5,13,2.5,7.0,2.8,0,0,0,0.0,0,0,0,0.0,0.0,0.0,0.0,25,2.5,63,0,1
311,1879538842,1180508356,Stanton Drew,2017,33,crd,qb,5,5,4,9,7,0,2,5,0.8,1.4,1.8,0,0,0,0.0,0,0,0,0.0,0.0,0.0,0.0,9,0.8,7,0,3
312,-614952642,1067959648,Cousins Kirk,2014,26,was,qb,8,6,5,7,20,0,3,12,2.9,3.3,1.2,0,0,0,0.0,0,0,0,0.0,0.0,0.0,0.0,7,2.9,20,0,2
313,-1097041542,1067959648,Cousins Kirk,2015,27,was,qb,8,16,16,26,48,5,8,13,1.8,3.0,1.6,0,0,0,0.0,0,0,0,0.0,0.0,0.0,0.0,26,1.8,48,5,9
314,1417973065,1067959648,Cousins Kirk,2016,28,was,qb,8,16,16,34,96,4,14,19,2.8,6.0,2.1,0,0,0,0.0,0,0,0,0.0,0.0,0.0,0.0,34,2.8,96,4,9
315,609856018,1067959648,Cousins Kirk,2017,29,was,qb,8,16,16,49,179,4,19,18,3.7,11.2,3.1,0,0,0,0.0,0,0,0,0.0,0.0,0.0,0.0,49,3.7,179,4,13
316,-1829670862,1067959648,Cousins Kirk,2018,30,min,qb,8,16,16,44,123,1,12,19,2.8,7.7,2.8,1,1,-1,-1.0,0,0,-1,0.1,-0.1,0.0,0.0,45,2.7,122,1,9
317,-637719391,1067959648,Cousins Kirk,2019,31,min,qb,8,15,15,31,63,1,8,14,2.0,4.2,2.1,1,0,0,0.0,0,0,0,0.0,0.0,0.0,0.0,31,2.0,63,1,10
318,594427003,-1901566010,Whitehurst Charlie,2014,32,oti,qb,12,7,5,20,90,0,6,23,4.5,12.9,2.9,0,0,10,0.0,0,0,10,0.0,1.4,0.0,0.0,20,5.0,100,0,3
319,-925980769,725298360,Mettenberger Zach,2014,23,oti,qb,7,7,6,5,4,0,1,8,0.8,0.6,0.7,0,0,0,0.0,0,0,0,0.0,0.0,0.0,0.0,5,0.8,4,0,4
320,-1487542223,725298360,Mettenberger Zach,2015,24,oti,qb,7,7,4,9,8,1,2,5,0.9,1.1,1.3,0,0,0,0.0,0,0,0,0.0,0.0,0.0,0.0,9,0.9,8,1,4
321,1576800172,705292881,Winston Jameis,2015,21,tam,qb,3,16,16,54,213,6,19,21,3.9,13.3,3.4,0,0,0,0.0,0,0,0,0.0,0.0,0.0,0.0,54,3.9,213,6,6
322,-811615190,705292881,Winston Jameis,2016,22,tam,qb,3,16,16,53,165,1,13,14,3.1,10.3,3.3,0,0,0,0.0,0,0,0,0.0,0.0,0.0,0.0,53,3.1,165,1,10
323,-187829913,705292881,Winston Jameis,2017,23,tam,qb,3,13,13,33,135,1,8,17,4.1,10.4,2.5,0,0,0,0.0,0,0,0,0.0,0.0,0.0,0.0,33,4.1,135,1,0
324,250295177,705292881,Winston Jameis,2018,24,tam,qb,3,11,9,49,281,1,19,18,5.7,25.5,4.5,0,0,0,0.0,0,0,0,0.0,0.0,0.0,0.0,49,5.7,281,1,7
325,-586217936,705292881,Winston Jameis,2019,25,tam,qb,3,16,16,59,250,1,18,26,4.2,15.6,3.7,0,0,0,0.0,0,0,0,0.0,0.0,0.0,0.0,59,4.2,250,1,12
326,-2050331475,524075261,Taylor Tyrod,2015,26,buf,qb,5,14,14,104,568,4,28,31,5.5,40.6,7.4,1,1,4,4.0,0,0,4,0.1,0.3,0.0,4.0,105,5.4,572,4,9
327,-1556784004,524075261,Taylor Tyrod,2016,27,buf,qb,5,15,15,95,580,6,34,49,6.1,38.7,6.3,0,0,0,0.0,0,0,0,0.0,0.0,0.0,0.0,95,6.1,580,6,4
328,767816350,524075261,Taylor Tyrod,2017,28,buf,qb,5,15,14,84,427,4,28,32,5.1,28.5,5.6,0,0,0,0.0,0,0,0,0.0,0.0,0.0,0.0,84,5.1,427,4,4
329,1889711026,24640782,Mariota Marcus,2015,22,oti,qb,8,12,12,34,252,2,11,87,7.4,21.0,2.8,1,1,41,41.0,1,1,41,0.1,3.4,0.0,41.0,35,8.4,293,3,10
330,407738525,24640782,Mariota Marcus,2016,23,oti,qb,8,15,15,60,349,2,22,41,5.8,23.3,4.0,1,0,0,0.0,0,0,0,0.0,0.0,0.0,0.0,60,5.8,349,2,9
331,1875667662,24640782,Mariota Marcus,2017,24,oti,qb,8,15,15,60,312,5,23,34,5.2,20.8,4.0,0,0,0,0.0,0,0,0,0.0,0.0,0.0,0.0,60,5.2,312,5,2
332,-1041927448,24640782,Mariota Marcus,2018,25,oti,qb,8,14,13,64,357,2,26,27,5.6,25.5,4.6,1,1,21,21.0,0,1,21,0.1,1.5,0.0,21.0,65,5.8,378,2,9
333,-1113811365,24640782,Mariota Marcus,2019,26,oti,qb,8,7,6,24,129,0,5,15,5.4,18.4,3.4,0,0,0,0.0,0,0,0,0.0,0.0,0.0,0.0,24,5.4,129,0,3
334,274480212,1558121651,Osweiler Brock,2015,25,den,qb,17,8,7,21,61,1,6,8,2.9,7.6,2.6,0,0,0,0.0,0,0,0,0.0,0.0,0.0,0.0,21,2.9,61,1,4
335,981724408,1558121651,Osweiler Brock,2016,26,htx,qb,17,15,14,30,131,2,14,21,4.4,8.7,2.0,1,1,-14,-14.0,0,0,-6,0.1,-0.9,0.0,0.0,31,3.8,117,2,5
336,-25555894,1558121651,Osweiler Brock,2017,27,den,qb,17,6,4,14,64,1,3,18,4.6,10.7,2.3,0,0,0,0.0,0,0,0,0.0,0.0,0.0,0.0,14,4.6,64,1,2
337,803784721,1558121651,Osweiler Brock,2018,28,mia,qb,8,7,5,8,21,0,1,7,2.6,3.0,1.1,0,0,0,0.0,0,0,0,0.0,0.0,0.0,0.0,8,2.6,21,0,1
338,-601502006,-880200100,Manziel Johnny,2015,23,cle,qb,2,9,6,37,230,0,11,34,6.2,25.6,4.1,0,0,0,0.0,0,0,0,0.0,0.0,0.0,0.0,37,6.2,230,0,6
339,-236353480,-171197555,Wentz Carson,2016,24,phi,qb,11,16,16,46,150,2,17,17,3.3,9.4,2.9,1,1,7,7.0,0,0,7,0.1,0.4,0.0,7.0,47,3.3,157,2,0
340,-294603856,-171197555,Wentz Carson,2017,25,phi,qb,11,13,13,64,299,0,27,24,4.7,23.0,4.9,0,0,0,0.0,0,0,0,0.0,0.0,0.0,0.0,64,4.7,299,0,9
341,-1424511764,-171197555,Wentz Carson,2018,26,phi,qb,11,11,11,34,93,0,8,13,2.7,8.5,3.1,1,1,4,4.0,0,1,4,0.1,0.4,0.0,4.0,35,2.8,97,0,9
342,956284854,-171197555,Wentz Carson,2019,27,phi,qb,11,16,16,62,243,1,21,19,3.9,15.2,3.9,0,0,0,0.0,0,0,0,0.0,0.0,0.0,0.0,62,3.9,243,1,16
343,-1255894897,106325641,Siemian Trevor,2016,25,den,qb,13,14,14,28,57,0,6,14,2.0,4.1,2.0,0,0,0,0.0,0,0,0,0.0,0.0,0.0,0.0,28,2.0,57,0,4
344,1244675818,106325641,Siemian Trevor,2017,26,den,qb,13,11,10,31,127,1,8,15,4.1,11.5,2.8,0,0,0,0.0,0,0,0,0.0,0.0,0.0,0.0,31,4.1,127,1,5
345,29142465,-1300153260,Prescott Dak,2016,23,dal,qb,4,16,16,57,282,6,21,18,4.9,17.6,3.6,0,0,0,0.0,0,0,0,0.0,0.0,0.0,0.0,57,4.9,282,6,9
346,-1794247629,-1300153260,Prescott Dak,2017,24,dal,qb,4,16,16,57,357,6,29,21,6.3,22.3,3.6,0,0,0,0.0,0,0,0,0.0,0.0,0.0,0.0,57,6.3,357,6,4
347,1762189324,-1300153260,Prescott Dak,2018,25,dal,qb,4,16,16,75,305,6,30,28,4.1,19.1,4.7,1,0,0,0.0,0,0,0,0.0,0.0,0.0,0.0,75,4.1,305,6,0
348,-1377409523,-1300153260,Prescott Dak,2019,26,dal,qb,4,16,16,52,277,3,19,42,5.3,17.3,3.3,0,0,0,0.0,0,0,0,0.0,0.0,0.0,0.0,52,5.3,277,3,6
349,-1593344522,524067814,Barkley Matt,2016,26,chi,qb,12,7,6,7,2,0,0,5,0.3,0.3,1.0,1,1,2,2.0,1,1,2,0.1,0.3,0.0,2.0,8,0.5,4,1,4
350,603647142,614947648,Goff Jared,2016,22,ram,qb,16,7,7,8,16,1,1,6,2.0,2.3,1.1,0,0,0,0.0,0,0,0,0.0,0.0,0.0,0.0,8,2.0,16,1,5
351,718927685,614947648,Goff Jared,2017,23,ram,qb,16,15,15,28,51,1,3,22,1.8,3.4,1.9,0,0,0,0.0,0,0,0,0.0,0.0,0.0,0.0,28,1.8,51,1,8
352,1148871106,614947648,Goff Jared,2018,24,ram,qb,16,16,16,43,108,2,12,16,2.5,6.8,2.7,0,0,0,0.0,0,0,0,0.0,0.0,0.0,0.0,43,2.5,108,2,0
353,-697316355,614947648,Goff Jared,2019,25,ram,qb,16,16,16,33,40,2,5,8,1.2,2.5,2.1,0,0,0,0.0,0,0,0,0.0,0.0,0.0,0.0,33,1.2,40,2,10
354,2020384196,406944126,Kessler Cody,2016,23,cle,qb,6,9,8,11,18,0,1,8,1.6,2.0,1.2,0,0,0,0.0,0,0,0,0.0,0.0,0.0,0.0,11,1.6,18,0,4
355,-1731308939,406944126,Kessler Cody,2018,25,jax,qb,6,5,4,19,123,0,9,21,6.5,24.6,3.8,0,0,0,0.0,0,0,0,0.0,0.0,0.0,0.0,19,6.5,123,0,5
356,-5149838,1610307699,Petty Bryce,2016,25,nyj,qb,9,6,4,5,19,0,1,9,3.8,3.2,0.8,0,0,0,0.0,0,0,0,0.0,0.0,0.0,0.0,5,3.8,19,0,1
357,972953862,-891971045,Kizer DeShone,2017,21,cle,qb,7,15,15,77,419,5,32,20,5.4,27.9,5.1,0,0,0,0.0,0,0,0,0.0,0.0,0.0,0.0,77,5.4,419,5,9
358,-1173971301,843614242,Brissett Jacoby,2017,25,clt,qb,7,16,15,63,260,4,15,25,4.1,16.3,3.9,0,0,0,0.0,0,0,0,0.0,0.0,0.0,0.0,63,4.1,260,4,8
359,-2093709813,843614242,Brissett Jacoby,2019,27,clt,qb,7,15,15,56,228,4,20,24,4.1,15.2,3.7,1,1,2,2.0,0,0,2,0.1,0.1,0.0,2.0,57,4.0,230,4,7
360,2036487746,-1230724460,Trubisky Mitchell,2017,23,chi,qb,10,12,12,41,248,2,14,46,6.0,20.7,3.4,0,0,0,0.0,0,0,0,0.0,0.0,0.0,0.0,41,6.0,248,2,10
361,181887903,-1230724460,Trubisky Mitchell,2018,24,chi,qb,10,14,14,68,421,3,29,39,6.2,30.1,4.9,0,0,0,0.0,0,0,0,0.0,0.0,0.0,0.0,68,6.2,421,3,6
362,-1948928831,-1230724460,Trubisky Mitchell,2019,25,chi,qb,10,15,15,48,193,2,12,23,4.0,12.9,3.2,0,0,0,0.0,0,0,0,0.0,0.0,0.0,0.0,48,4.0,193,2,5
363,1935597976,-1553502145,Hundley Brett,2017,24,gnb,qb,7,11,9,36,270,2,21,24,7.5,24.5,3.3,1,1,10,10.0,0,1,10,0.1,0.9,0.0,10.0,37,7.6,280,2,4
364,-924120582,-473913933,Savage Tom,2017,27,htx,qb,3,8,7,4,2,0,0,3,0.5,0.3,0.5,0,0,0,0.0,0,0,0,0.0,0.0,0.0,0.0,4,0.5,2,0,8
365,2057715534,-1839774701,Watson Deshaun,2017,22,htx,qb,4,7,6,36,269,2,14,49,7.5,38.4,5.1,0,0,0,0.0,0,0,0,0.0,0.0,0.0,0.0,36,7.5,269,2,3
366,-224086959,-1839774701,Watson Deshaun,2018,23,htx,qb,4,16,16,99,551,5,37,34,5.6,34.4,6.2,0,0,0,0.0,0,0,0,0.0,0.0,0.0,0.0,99,5.6,551,5,9
367,-1398552814,-1839774701,Watson Deshaun,2019,24,htx,qb,4,15,15,82,413,7,29,30,5.0,27.5,5.5,1,1,6,6.0,1,1,6,0.1,0.4,0.0,6.0,83,5.0,419,8,10
368,1363294002,939371086,Garoppolo Jimmy,2017,26,sfo,qb,10,6,5,15,11,1,4,8,0.7,1.8,2.5,1,1,-6,-6.0,0,0,-6,0.2,-1.0,0.0,0.0,16,0.3,5,1,1
369,1531842931,939371086,Garoppolo Jimmy,2019,28,sfo,qb,10,16,16,46,62,1,13,11,1.3,3.9,2.9,0,0,0,0.0,0,0,0,0.0,0.0,0.0,0.0,46,1.3,62,1,10
370,5025716,222008431,Mahomes Patrick,2018,23,kan,qb,15,16,16,60,272,2,19,28,4.5,17.0,3.8,0,0,0,0.0,0,0,0,0.0,0.0,0.0,0.0,60,4.5,272,2,9
371,-305838643,222008431,Mahomes Patrick,2019,24,kan,qb,15,14,14,43,218,2,15,25,5.1,15.6,3.1,0,0,0,0.0,0,0,0,0.0,0.0,0.0,0.0,43,5.1,218,2,3
372,-1155494310,-1295694583,Mayfield Baker,2018,23,cle,qb,6,14,13,39,131,0,8,35,3.4,9.4,2.8,1,0,0,0.0,0,0,0,0.0,0.0,0.0,0.0,39,3.4,131,0,7
373,200896025,-1295694583,Mayfield Baker,2019,24,cle,qb,6,16,16,28,141,3,15,18,5.0,8.8,1.8,0,0,0,0.0,0,0,0,0.0,0.0,0.0,0.0,28,5.0,141,3,6
374,-995737568,1799221836,Darnold Sam,2018,21,nyj,qb,14,13,13,44,138,1,16,28,3.1,10.6,3.4,0,0,0,0.0,0,0,0,0.0,0.0,0.0,0.0,44,3.1,138,1,5
375,-1379525471,1799221836,Darnold Sam,2019,22,nyj,qb,14,13,13,33,62,2,6,24,1.9,4.8,2.5,0,0,0,0.0,0,0,0,0.0,0.0,0.0,0.0,33,1.9,62,2,11
376,-38295582,-1805727679,Rosen Josh,2018,21,crd,qb,3,14,13,23,138,0,8,33,6.0,9.9,1.6,0,0,0,0.0,0,0,0,0.0,0.0,0.0,0.0,23,6.0,138,0,10
377,-388518700,1939846979,Allen Josh,2018,22,buf,qb,17,12,11,89,631,8,41,45,7.1,52.6,7.4,1,0,0,0.0,0,0,0,0.0,0.0,0.0,0.0,89,7.1,631,8,8
378,-1971495410,1939846979,Allen Josh,2019,23,buf,qb,17,16,16,109,510,9,42,36,4.7,31.9,6.8,0,0,0,0.0,0,0,0,0.0,0.0,0.0,0.0,109,4.7,510,9,14
379,-956140346,-497271853,Mullens Nick,2018,23,sfo,qb,4,8,8,18,16,0,1,2,0.9,2.0,2.3,0,0,0,0.0,0,0,0,0.0,0.0,0.0,0.0,18,-0.9,-16,0,2
380,1379942351,717817655,Driskel Jeff,2018,25,cin,qb,6,9,5,25,130,2,7,27,5.2,14.4,2.8,0,0,0,0.0,0,0,0,0.0,0.0,0.0,0.0,25,5.2,130,2,4
381,-423539018,-1419401162,Jackson Lamar,2018,21,rav,qb,8,16,7,147,695,5,49,39,4.7,43.4,9.2,2,0,0,0.0,0,0,0,0.0,0.0,0.0,0.0,147,4.7,695,5,0
382,-855079166,-1419401162,Jackson Lamar,2019,22,rav,qb,8,15,15,176,1206,7,71,47,6.9,80.4,11.7,0,0,0,0.0,0,0,0,0.0,0.0,0.0,0.0,176,6.9,1206,7,9
383,1386704015,-402446982,Murray Kyler,2019,22,crd,qb,1,16,16,93,544,4,27,35,5.8,34.0,5.8,0,0,0,0.0,0,0,0,0.0,0.0,0.0,0.0,93,5.8,544,4,5
384,-1406563399,548698347,Allen Kyle,2019,23,car,qb,7,13,12,32,106,2,9,17,3.3,8.2,2.5,0,0,0,0.0,0,0,0,0.0,0.0,0.0,0.0,32,3.3,106,2,13
385,1416397987,1112123701,Minshew Gardner,2019,23,jax,qb,15,14,12,67,344,0,20,21,5.1,24.6,4.8,0,0,0,0.0,0,0,0,0.0,0.0,0.0,0.0,67,5.1,344,0,13
386,71015254,-729841896,Jones Daniel,2019,22,nyg,qb,8,13,12,45,279,2,21,26,6.2,21.5,3.5,0,0,0,0.0,0,0,0,0.0,0.0,0.0,0.0,45,6.2,279,2,0
387,-1361077120,-1774193342,Rudolph Mason,2019,24,pit,qb,2,10,8,21,42,0,6,13,2.0,4.2,2.1,0,0,0,0.0,0,0,0,0.0,0.0,0.0,0.0,21,2.0,42,0,4
388,1604020978,-1138787627,Haskins Dwayne,2019,22,was,qb,7,9,7,20,101,0,7,23,5.1,11.2,2.2,0,0,0,0.0,0,0,0,0.0,0.0,0.0,0.0,20,5.1,101,0,6
389,-209628899,-2033415372,Blough David,2019,24,det,qb,10,5,5,8,31,0,1,9,3.9,6.2,1.6,1,1,19,19.0,1,1,19,0.2,3.8,0.0,19.0,9,5.6,50,1,1
390,-464561666,-1844746515,Hodges Devlin,2019,23,pit,qb,6,8,6,21,68,0,5,22,3.2,8.5,2.6,0,0,0,0.0,0,0,0,0.0,0.0,0.0,0.0,21,3.2,68,0,5
391,1296587681,-1302107800,Lock Drew,2019,23,den,qb,3,5,5,18,72,0,5,12,4.0,14.4,3.6,0,0,0,0.0,0,0,0,0.0,0.0,0.0,0.0,18,4.0,72,0,3
