,Year,Age,Tm,Pos,No.,G,GS,QBrec,Cmp,Att,Cmp%,Yds,TD,TD%,Int,Int%,1D,Lng,Y/A,AY/A,Y/C,Y/G,Rate,QBR,Sk,Yds,NY/A,ANY/A,Sk%,4QC,GWD,AV
0,2010,34,clt,qb,18,16,16,10-6-0,450,679,66.3,4700,33,4.9,17,2.5,253,73,6.9,6.8,10.4,293.8,91.9,75.7,16,91,6.63,6.48,2.3,0,2,16
1,2012,36,den,qb,18,16,16,13-3-0,400,583,68.6,4659,37,6.3,11,1.9,231,71,8.0,8.4,11.6,291.2,105.8,79.6,21,137,7.49,7.89,3.5,3,3,15
2,2013,37,den,qb,18,16,16,13-3-0,450,659,68.3,5477,55,8.3,10,1.5,291,78,8.3,9.3,12.2,342.3,115.1,80.9,18,120,7.91,8.87,2.7,2,2,19
3,2014,38,den,qb,18,16,16,12-4-0,395,597,66.2,4727,39,6.5,15,2.5,227,86,7.9,8.1,12.0,295.4,101.5,72.0,17,118,7.51,7.68,2.8,1,1,16
4,2015,39,den,qb,18,10,9,7-2-0,198,331,59.8,2249,9,2.7,17,5.1,110,75,6.8,5.0,11.4,224.9,67.9,43.9,16,95,6.21,4.52,4.6,3,3,2
,Year,Age,Tm,Pos,No.,G,GS,QBrec,Att,Y/A+,NY/A+,AY/A+,ANY/A+,Cmp%+,TD%+,Int%+,Sack%+,Rate+
0,2010,34,clt,qb,18,16,16,10-6-0,679,98,107,102,108,118,107,106,129,109
1,2012,36,den,qb,18,16,16,13-3-0,583,118,123,121,125,127,122,114,124,125
2,2013,37,den,qb,18,16,16,13-3-0,659,128,135,134,139,125,145,119,130,137
3,2014,38,den,qb,18,16,16,12-4-0,597,117,125,116,122,115,123,101,127,118
4,2015,39,den,qb,18,10,9,7-2-0,331,90,96,70,75,88,79,50,111,68
,Year,Age,Tm,Pos,No.,G,GS,Rush,Yds,TD,1D,Lng,Y/A,Y/G,A/G
0,2010,34,clt,qb,18,16,16,18,18,0,2,27,1.0,1.1,1.1
1,2012,36,den,qb,18,16,16,23,6,0,2,10,0.3,0.4,1.4
2,2013,37,den,qb,18,16,16,32,31,1,1,1,1.0,1.9,2.0
3,2014,38,den,qb,18,16,16,24,24,0,0,4,1.0,1.5,1.5
4,2015,39,den,qb,18,10,9,6,6,0,0,1,1.0,0.6,0.6
,Year,Age,Tm,Pos,No.,G,GS,QBrec,Cmp,Att,Cmp%,Yds,TD,TD%,Int,Int%,1D,Lng,Y/A,AY/A,Y/C,Y/G,Rate,QBR,Sk,Yds,NY/A,ANY/A,Sk%,4QC,GWD,AV
0,2010,31,nor,qb,9,16,16,11-5-0,448,658,68.1,4620,33,5.0,22,3.3,238,80,7.0,6.5,10.3,288.8,90.9,70.6,25,185,6.49,6.01,3.7,4,5,14
1,2011,32,nor,qb,9,16,16,13-3-0,468,657,71.2,5476,46,7.0,14,2.1,279,79,8.3,8.8,11.7,342.3,110.6,83.0,24,158,7.81,8.23,3.5,3,4,20
2,2012,33,nor,qb,9,16,16,7-9-0,422,670,63.0,5177,43,6.4,19,2.8,266,80,7.7,7.7,12.3,323.6,96.3,68.7,26,190,7.17,7.17,3.7,1,2,15
3,2013,34,nor,qb,9,16,16,11-5-0,446,650,68.6,5162,39,6.0,12,1.8,246,76,7.9,8.3,11.6,322.6,104.7,69.2,37,244,7.16,7.51,5.4,2,2,17
4,2014,35,nor,qb,9,16,16,7-9-0,456,659,69.2,4952,33,5.0,17,2.6,259,69,7.5,7.4,10.9,309.5,97.0,74.8,29,186,6.93,6.77,4.2,2,2,16
5,2015,36,nor,qb,9,15,15,7-8-0,428,627,68.3,4870,32,5.1,11,1.8,228,80,7.8,8.0,11.4,324.7,101.0,70.4,31,235,7.04,7.26,4.7,1,2,14
6,2016,37,nor,qb,9,16,16,7-9-0,471,673,70.0,5208,37,5.5,15,2.2,265,98,7.7,7.8,11.1,325.5,101.7,65.1,27,184,7.18,7.27,3.9,2,4,16
7,2017,38,nor,qb,9,16,16,11-5-0,386,536,72.0,4334,23,4.3,8,1.5,203,54,8.1,8.3,11.2,270.9,103.9,64.6,20,145,7.53,7.71,3.6,2,2,16
8,2018,39,nor,qb,9,15,15,13-2-0,364,489,74.4,3992,32,6.5,5,1.0,223,72,8.2,9.0,11.0,266.1,115.7,80.4,17,121,7.65,8.47,3.4,0,0,17
9,2019,40,nor,qb,9,11,11,8-3-0,281,378,74.3,2979,27,7.1,4,1.1,159,61,7.9,8.8,10.6,270.8,116.3,75.7,12,89,7.41,8.33,3.1,1,2,11
,Year,Age,Tm,Pos,No.,G,GS,QBrec,Att,Y/A+,NY/A+,AY/A+,ANY/A+,Cmp%+,TD%+,Int%+,Sack%+,Rate+
0,2010,31,nor,qb,9,16,16,11-5-0,658,99,104,99,103,124,109,95,119,108
1,2011,32,nor,qb,9,16,16,13-3-0,657,125,130,128,132,137,131,111,122,133
2,2012,33,nor,qb,9,16,16,7-9-0,670,112,117,112,116,108,123,99,122,113
3,2013,34,nor,qb,9,16,16,11-5-0,650,119,119,121,121,127,118,114,108,123
4,2014,35,nor,qb,9,16,16,7-9-0,659,108,113,106,109,128,106,99,116,112
5,2015,36,nor,qb,9,15,15,7-8-0,627,114,115,115,116,121,108,112,111,117
6,2016,37,nor,qb,9,16,16,7-9-0,673,114,119,112,116,129,113,102,118,118
7,2017,38,nor,qb,9,16,16,11-5-0,536,119,124,117,121,131,99,114,120,119
8,2018,39,nor,qb,9,15,15,13-2-0,489,119,125,126,131,141,122,122,125,134
9,2019,40,nor,qb,9,11,11,8-3-0,378,111,120,123,128,138,127,120,127,134
,Year,Age,Tm,Pos,No.,G,GS,Rush,Yds,TD,1D,Lng,Y/A,Y/G,A/G
0,2010,31,nor,qb,9,16,16,18,3,0,1,7,0.2,0.2,1.1
1,2011,32,nor,qb,9,16,16,21,86,1,5,20,4.1,5.4,1.3
2,2012,33,nor,qb,9,16,16,15,5,1,2,11,0.3,0.3,0.9
3,2013,34,nor,qb,9,16,16,35,52,3,6,16,1.5,3.3,2.2
4,2014,35,nor,qb,9,16,16,27,68,1,6,13,2.5,4.3,1.7
5,2015,36,nor,qb,9,15,15,24,14,1,5,12,0.6,0.9,1.6
6,2016,37,nor,qb,9,16,16,23,20,2,7,7,0.9,1.3,1.4
7,2017,38,nor,qb,9,16,16,33,12,2,7,7,0.4,0.8,2.1
8,2018,39,nor,qb,9,15,15,31,22,4,12,11,0.7,1.5,2.1
9,2019,40,nor,qb,9,11,11,9,4,1,2,2,0.4,0.4,0.8
,Year,Age,Tm,Pos,No.,G,GS,QBrec,Cmp,Att,Cmp%,Yds,TD,TD%,Int,Int%,1D,Lng,Y/A,AY/A,Y/C,Y/G,Rate,QBR,Sk,Yds,NY/A,ANY/A,Sk%,4QC,GWD,AV
0,2010,23,ram,qb,8,16,16,7-9-0,354,590,60.0,3512,18,3.1,15,2.5,179,49,6.0,5.4,9.9,219.5,76.5,47.0,34,244,5.24,4.73,5.4,0,0,9
1,2011,24,ram,qb,8,10,10,1-9-0,191,357,53.5,2164,6,1.7,6,1.7,104,68,6.1,5.6,11.3,216.4,70.5,30.5,36,248,4.88,4.49,9.2,1,1,3
2,2012,25,ram,qb,8,16,16,7-8-1,328,551,59.5,3702,21,3.8,13,2.4,185,80,6.7,6.4,11.3,231.4,82.6,51.6,35,233,5.92,5.64,6.0,4,3,9
3,2013,26,ram,qb,8,7,7,3-4-0,159,262,60.7,1687,14,5.3,4,1.5,86,73,6.4,6.8,10.6,241.0,90.9,58.8,15,97,5.74,6.1,5.4,1,1,6
4,2015,28,phi,qb,7,14,14,7-7-0,346,532,65.0,3725,19,3.6,14,2.6,170,78,7.0,6.5,10.8,266.1,86.4,42.1,28,200,6.29,5.85,5.0,0,2,9
5,2016,29,min,qb,8,15,15,7-8-0,395,552,71.6,3877,20,3.6,5,0.9,199,71,7.0,7.3,9.8,258.5,99.3,57.3,37,276,6.11,6.41,6.3,1,1,11
,Year,Age,Tm,Pos,No.,G,GS,QBrec,Att,Y/A+,NY/A+,AY/A+,ANY/A+,Cmp%+,TD%+,Int%+,Sack%+,Rate+
0,2010,23,ram,qb,8,16,16,7-9-0,590,81,84,87,88,98,86,106,106,92
1,2011,24,ram,qb,8,10,10,1-9-0,357,79,73,86,82,75,71,119,76,82
2,2012,25,ram,qb,8,16,16,7-8-1,551,92,94,96,97,96,95,107,104,97
3,2013,26,ram,qb,8,7,7,3-4-0,262,83,89,100,102,96,111,119,108,105
4,2015,28,phi,qb,7,14,14,7-7-0,532,95,98,93,95,108,89,96,108,95
5,2016,29,min,qb,8,15,15,7-8-0,552,97,96,105,104,135,91,126,98,115
,Year,Age,Tm,Pos,No.,G,GS,Rush,Yds,TD,1D,Lng,Y/A,Y/G,A/G
0,2010,23,ram,qb,8,16,16,27,63,1,6,17,2.3,3.9,1.7
1,2011,24,ram,qb,8,10,10,18,26,0,3,17,1.4,2.6,1.8
2,2012,25,ram,qb,8,16,16,36,124,1,8,21,3.4,7.8,2.3
3,2013,26,ram,qb,8,7,7,15,31,0,2,23,2.1,4.4,2.1
4,2015,28,phi,qb,7,14,14,26,39,0,2,14,1.5,2.8,1.9
5,2016,29,min,qb,8,15,15,20,53,0,3,24,2.7,3.5,1.3
,Year,Age,Tm,Pos,No.,G,GS,QBrec,Cmp,Att,Cmp%,Yds,TD,TD%,Int,Int%,1D,Lng,Y/A,AY/A,Y/C,Y/G,Rate,QBR,Sk,Yds,NY/A,ANY/A,Sk%,4QC,GWD,AV
0,2010,31,cin,qb,9,16,16,4-12-0,362,586,61.8,3970,26,4.4,20,3.4,206,78,6.8,6.1,11.0,248.1,82.4,54.6,26,201,6.16,5.54,4.2,1,1,11
1,2011,32,rai,qb,3,10,9,4-5-0,199,328,60.7,2753,13,4.0,16,4.9,123,78,8.4,7.0,13.8,275.3,80.5,55.7,17,119,7.63,6.3,4.9,0,1,8
2,2012,33,rai,qb,3,15,15,4-11-0,345,565,61.1,4018,22,3.9,14,2.5,188,64,7.1,6.8,11.6,267.9,85.3,46.6,26,199,6.46,6.14,4.4,2,2,10
3,2013,34,crd,qb,3,16,16,10-6-0,362,572,63.3,4274,24,4.2,22,3.8,205,91,7.5,6.6,11.8,267.1,83.9,52.6,41,289,6.5,5.67,6.7,3,4,11
4,2014,35,crd,qb,3,6,6,6-0-0,141,224,62.9,1626,11,4.9,3,1.3,82,80,7.3,7.6,11.5,271.0,95.6,63.7,9,59,6.73,7.09,3.9,2,2,4
5,2015,36,crd,qb,3,16,16,13-3-0,342,537,63.7,4671,35,6.5,11,2.0,231,68,8.7,9.1,13.7,291.9,104.6,77.1,25,151,8.04,8.41,4.4,1,0,16
6,2016,37,crd,qb,3,15,15,6-8-1,364,597,61.0,4233,26,4.4,14,2.3,220,80,7.1,6.9,11.6,282.2,87.2,54.5,40,281,6.2,6.03,6.3,1,3,12
7,2017,38,crd,qb,3,7,7,3-4-0,164,267,61.4,1978,9,3.4,7,2.6,95,46,7.4,6.9,12.1,282.6,84.4,52.5,22,150,6.33,5.86,7.6,2,2,5
,Year,Age,Tm,Pos,No.,G,GS,QBrec,Att,Y/A+,NY/A+,AY/A+,ANY/A+,Cmp%+,TD%+,Int%+,Sack%+,Rate+
0,2010,31,cin,qb,9,16,16,4-12-0,586,95,99,95,97,104,102,94,115,98
1,2011,32,rai,qb,3,10,9,4-5-0,328,126,127,104,106,100,96,66,110,95
2,2012,33,rai,qb,3,15,15,4-11-0,565,100,104,100,103,101,95,105,117,100
3,2013,34,crd,qb,3,16,16,10-6-0,572,108,105,97,96,106,98,79,98,96
4,2014,35,crd,qb,3,6,6,6-0-0,224,102,109,110,114,103,105,121,119,110
5,2015,36,crd,qb,3,16,16,13-3-0,537,136,138,131,133,103,125,106,113,122
6,2016,37,crd,qb,3,15,15,6-8-1,597,99,98,99,98,93,100,100,98,98
7,2017,38,crd,qb,3,7,7,3-4-0,267,105,100,99,96,93,88,95,90,93
,Year,Age,Tm,Pos,No.,G,GS,Rush,Yds,TD,1D,Lng,Y/A,Y/G,A/G
0,2010,31,cin,qb,9,16,16,32,50,0,6,9,1.6,3.1,2.0
1,2011,32,rai,qb,3,10,9,16,20,1,5,10,1.3,2.0,1.6
2,2012,33,rai,qb,3,15,15,18,36,1,7,9,2.0,2.4,1.2
3,2013,34,crd,qb,3,16,16,27,3,0,1,10,0.1,0.2,1.7
4,2014,35,crd,qb,3,6,6,8,25,0,1,12,3.1,4.2,1.3
5,2015,36,crd,qb,3,16,16,25,24,1,5,12,1.0,1.5,1.6
6,2016,37,crd,qb,3,15,15,14,38,0,3,16,2.7,2.5,0.9
7,2017,38,crd,qb,3,7,7,14,12,0,5,4,0.9,1.7,2.0
,Year,Age,Tm,Pos,No.,G,GS,QBrec,Cmp,Att,Cmp%,Yds,TD,TD%,Int,Int%,1D,Lng,Y/A,AY/A,Y/C,Y/G,Rate,QBR,Sk,Yds,NY/A,ANY/A,Sk%,4QC,GWD,AV
0,2010,29,htx,qb,8,16,16,6-10-0,365,574,63.6,4370,24,4.2,12,2.1,221,60,7.6,7.5,12.0,273.1,92.0,62.9,32,226,6.84,6.74,5.3,2,2,17
1,2011,30,htx,qb,8,10,10,7-3-0,178,292,61.0,2479,15,5.1,6,2.1,118,80,8.5,8.6,13.9,247.9,96.8,72.9,16,98,7.73,7.83,5.2,0,1,9
2,2012,31,htx,qb,8,16,16,12-4-0,350,544,64.3,4008,22,4.0,12,2.2,203,60,7.4,7.2,11.5,250.5,90.7,61.3,27,216,6.64,6.47,4.7,2,2,12
3,2013,32,htx,qb,8,10,8,2-6-0,219,358,61.2,2310,10,2.8,14,3.9,116,46,6.5,5.3,10.5,231.0,73.0,36.7,21,162,5.67,4.53,5.5,2,2,3
,Year,Age,Tm,Pos,No.,G,GS,QBrec,Att,Y/A+,NY/A+,AY/A+,ANY/A+,Cmp%+,TD%+,Int%+,Sack%+,Rate+
0,2010,29,htx,qb,8,16,16,6-10-0,574,110,110,110,111,109,99,112,107,109
1,2011,30,htx,qb,8,10,10,7-3-0,292,128,129,125,126,101,110,113,108,116
2,2012,31,htx,qb,8,16,16,12-4-0,544,105,107,105,107,112,97,109,114,107
3,2013,32,htx,qb,8,10,8,2-6-0,358,84,87,78,81,98,82,78,107,82
,Year,Age,Tm,Pos,No.,G,GS,Rush,Yds,TD,1D,Lng,Y/A,Y/G,A/G
0,2010,29,htx,qb,8,16,16,22,28,0,7,8,1.3,1.8,1.4
1,2011,30,htx,qb,8,10,10,15,9,2,3,3,0.6,0.9,1.5
2,2012,31,htx,qb,8,16,16,21,9,0,0,8,0.4,0.6,1.3
3,2013,32,htx,qb,8,10,8,5,24,0,1,7,4.8,2.4,0.5
,Year,Age,Tm,Pos,No.,G,GS,QBrec,Cmp,Att,Cmp%,Yds,TD,TD%,Int,Int%,1D,Lng,Y/A,AY/A,Y/C,Y/G,Rate,QBR,Sk,Yds,NY/A,ANY/A,Sk%,4QC,GWD,AV
0,2010,25,atl,qb,2,16,16,13-3-0,357,571,62.5,3705,28,4.9,9,1.6,202,46,6.5,6.8,10.4,231.6,91.0,69.8,23,158,5.97,6.23,3.9,0,0,16
1,2011,26,atl,qb,2,16,16,10-6-0,347,566,61.3,4177,29,5.1,12,2.1,208,80,7.4,7.5,12.0,261.1,92.2,69.1,26,173,6.76,6.83,4.4,3,3,15
2,2012,27,atl,qb,2,16,16,13-3-0,422,615,68.6,4719,32,5.2,14,2.3,248,80,7.7,7.7,11.2,294.9,99.1,71.6,28,210,7.01,7.03,4.4,4,6,18
3,2013,28,atl,qb,2,16,16,4-12-0,439,651,67.4,4515,26,4.0,17,2.6,228,81,6.9,6.6,10.3,282.2,89.6,65.0,44,298,6.07,5.72,6.3,1,1,13
4,2014,29,atl,qb,2,16,16,6-10-0,415,628,66.1,4694,28,4.5,14,2.2,233,79,7.5,7.4,11.3,293.4,93.9,68.4,31,205,6.81,6.71,4.7,3,3,15
5,2015,30,atl,qb,2,16,16,8-8-0,407,614,66.3,4591,21,3.4,16,2.6,228,70,7.5,7.0,11.3,286.9,89.0,69.6,30,203,6.81,6.35,4.7,0,0,13
6,2016,31,atl,qb,2,16,16,11-5-0,373,534,69.9,4944,38,7.1,7,1.3,240,76,9.3,10.1,13.3,309.0,117.1,79.4,37,235,8.25,9.03,6.5,1,2,21
7,2017,32,atl,qb,2,16,16,10-6-0,342,529,64.7,4095,20,3.8,12,2.3,199,88,7.7,7.5,12.0,255.9,91.4,68.3,24,156,7.12,6.87,4.3,2,3,15
8,2018,33,atl,qb,2,16,16,7-9-0,422,608,69.4,4924,35,5.8,7,1.2,236,75,8.1,8.7,11.7,307.8,108.1,68.5,42,296,7.12,7.71,6.5,1,1,16
9,2019,34,atl,qb,2,15,15,7-8-0,408,616,66.2,4466,26,4.2,14,2.3,228,93,7.3,7.1,10.9,297.7,92.1,60.4,48,316,6.25,6.08,7.2,3,2,13
,Year,Age,Tm,Pos,No.,G,GS,QBrec,Att,Y/A+,NY/A+,AY/A+,ANY/A+,Cmp%+,TD%+,Int%+,Sack%+,Rate+
0,2010,25,atl,qb,2,16,16,13-3-0,571,90,96,102,105,106,107,119,118,108
1,2011,26,atl,qb,2,16,16,10-6-0,566,106,110,110,113,102,109,111,115,110
2,2012,27,atl,qb,2,16,16,13-3-0,615,111,114,112,114,128,110,108,117,117
3,2013,28,atl,qb,2,16,16,4-12-0,651,95,96,96,96,122,95,100,101,104
4,2014,29,atl,qb,2,16,16,6-10-0,628,107,110,106,108,115,100,105,113,107
5,2015,30,atl,qb,2,16,16,8-8-0,614,107,110,99,102,113,87,96,111,99
6,2016,31,atl,qb,2,16,16,11-5-0,534,148,142,145,141,128,133,119,97,140
7,2017,32,atl,qb,2,16,16,10-6-0,529,112,116,106,110,105,93,101,115,102
8,2018,33,atl,qb,2,16,16,7-9-0,608,118,116,123,121,122,114,120,101,124
9,2019,34,atl,qb,2,15,15,7-8-0,616,99,98,99,98,108,96,101,96,101
,Year,Age,Tm,Pos,No.,G,GS,Rush,Yds,TD,1D,Lng,Y/A,Y/G,A/G
0,2010,25,atl,qb,2,16,16,46,122,0,10,20,2.7,7.6,2.9
1,2011,26,atl,qb,2,16,16,37,84,2,11,12,2.3,5.3,2.3
2,2012,27,atl,qb,2,16,16,34,141,1,8,16,4.1,8.8,2.1
3,2013,28,atl,qb,2,16,16,17,55,0,5,17,3.2,3.4,1.1
4,2014,29,atl,qb,2,16,16,29,145,0,10,15,5.0,9.1,1.8
5,2015,30,atl,qb,2,16,16,36,63,0,9,18,1.8,3.9,2.3
6,2016,31,atl,qb,2,16,16,35,117,0,13,18,3.3,7.3,2.2
7,2017,32,atl,qb,2,16,16,32,143,0,11,16,4.5,8.9,2.0
8,2018,33,atl,qb,2,16,16,33,125,3,15,15,3.8,7.8,2.1
9,2019,34,atl,qb,2,15,15,34,147,1,10,12,4.3,9.8,2.3
,Year,Age,Tm,Pos,No.,G,GS,QBrec,Cmp,Att,Cmp%,Yds,TD,TD%,Int,Int%,1D,Lng,Y/A,AY/A,Y/C,Y/G,Rate,QBR,Sk,Yds,NY/A,ANY/A,Sk%,4QC,GWD,AV
0,2010,29,sdg,qb,17,16,16,9-7-0,357,541,66.0,4710,30,5.5,13,2.4,234,59,8.7,8.7,13.2,294.4,101.8,68.1,38,227,7.74,7.77,6.6,1,1,17
1,2011,30,sdg,qb,17,16,16,8-8-0,366,582,62.9,4624,27,4.6,20,3.4,234,58,7.9,7.3,12.6,289.0,88.7,64.1,30,198,7.23,6.64,4.9,1,1,17
2,2012,31,sdg,qb,17,16,16,7-9-0,338,527,64.1,3606,26,4.9,15,2.8,184,80,6.8,6.5,10.7,225.4,88.6,42.6,49,311,5.72,5.45,8.5,0,0,10
3,2013,32,sdg,qb,17,16,16,9-7-0,378,544,69.5,4478,32,5.9,11,2.0,233,60,8.2,8.5,11.8,279.9,105.5,75.3,30,150,7.54,7.79,5.2,4,4,16
4,2014,33,sdg,qb,17,16,16,9-7-0,379,570,66.5,4286,31,5.4,18,3.2,213,59,7.5,7.2,11.3,267.9,93.8,63.6,36,189,6.76,6.45,5.9,3,3,12
5,2015,34,sdg,qb,17,16,16,4-12-0,437,661,66.1,4792,29,4.4,13,2.0,227,80,7.2,7.2,11.0,299.5,93.8,55.7,40,264,6.46,6.45,5.7,1,2,12
6,2016,35,sdg,qb,17,16,16,5-11-0,349,578,60.4,4386,33,5.7,21,3.6,215,59,7.6,7.1,12.6,274.1,87.9,57.5,36,188,6.84,6.37,5.9,1,1,13
7,2017,36,sdg,qb,17,16,16,9-7-0,360,575,62.6,4515,28,4.9,10,1.7,217,75,7.9,8.0,12.5,282.2,96.0,64.1,18,120,7.41,7.6,3.0,2,2,13
8,2018,37,sdg,qb,17,16,16,12-4-0,347,508,68.3,4308,32,6.3,12,2.4,235,75,8.5,8.7,12.4,269.3,105.5,69.1,32,204,7.6,7.79,5.9,3,3,14
9,2019,38,sdg,qb,17,16,16,5-11-0,390,591,66.0,4615,23,3.9,20,3.4,217,84,7.8,7.1,11.8,288.4,88.5,50.8,34,222,7.03,6.32,5.4,1,2,13
,Year,Age,Tm,Pos,No.,G,GS,QBrec,Att,Y/A+,NY/A+,AY/A+,ANY/A+,Cmp%+,TD%+,Int%+,Sack%+,Rate+
0,2010,29,sdg,qb,17,16,16,9-7-0,541,128,125,124,122,117,115,108,97,120
1,2011,30,sdg,qb,17,16,16,8-8-0,582,117,119,109,110,108,104,90,111,105
2,2012,31,sdg,qb,17,16,16,7-9-0,527,94,90,97,94,112,107,99,83,104
3,2013,32,sdg,qb,17,16,16,9-7-0,544,126,127,123,124,130,117,111,109,124
4,2014,33,sdg,qb,17,16,16,9-7-0,570,108,109,103,105,117,111,90,103,107
5,2015,34,sdg,qb,17,16,16,4-12-0,661,101,102,103,104,113,99,108,103,106
6,2016,35,sdg,qb,17,16,16,5-11-0,578,110,111,102,103,91,116,77,102,99
7,2017,36,sdg,qb,17,16,16,9-7-0,575,114,121,114,119,97,105,110,124,108
8,2018,37,sdg,qb,17,16,16,12-4-0,508,125,124,122,122,118,120,100,105,120
9,2019,38,sdg,qb,17,16,16,5-11-0,591,110,113,99,101,107,93,83,109,96
,Year,Age,Tm,Pos,No.,G,GS,Rush,Yds,TD,1D,Lng,Y/A,Y/G,A/G
0,2010,29,sdg,qb,17,16,16,29,52,0,6,14,1.8,3.3,1.8
1,2011,30,sdg,qb,17,16,16,26,36,1,6,15,1.4,2.3,1.6
2,2012,31,sdg,qb,17,16,16,27,40,0,2,11,1.5,2.5,1.7
3,2013,32,sdg,qb,17,16,16,28,72,0,5,18,2.6,4.5,1.8
4,2014,33,sdg,qb,17,16,16,37,102,0,11,17,2.8,6.4,2.3
5,2015,34,sdg,qb,17,16,16,17,28,0,2,8,1.6,1.8,1.1
6,2016,35,sdg,qb,17,16,16,14,35,0,3,10,2.5,2.2,0.9
7,2017,36,sdg,qb,17,16,16,18,2,0,1,8,0.1,0.1,1.1
8,2018,37,sdg,qb,17,16,16,18,7,0,2,7,0.4,0.4,1.1
9,2019,38,sdg,qb,17,16,16,12,29,0,2,12,2.4,1.8,0.8
,Year,Age,Tm,Pos,No.,G,GS,QBrec,Cmp,Att,Cmp%,Yds,TD,TD%,Int,Int%,1D,Lng,Y/A,AY/A,Y/C,Y/G,Rate,QBR,Sk,Yds,NY/A,ANY/A,Sk%,4QC,GWD,AV
0,2010,29,nyg,qb,10,16,16,10-6-0,339,539,62.9,4002,31,5.8,25,4.6,169,92,7.4,6.5,11.8,250.1,85.3,61.1,16,117,7.0,6.09,2.9,1,1,12
1,2011,30,nyg,qb,10,16,16,9-7-0,359,589,61.0,4933,29,4.9,16,2.7,218,99,8.4,8.1,13.7,308.3,92.9,64.0,28,199,7.67,7.45,4.5,0,0,15
2,2012,31,nyg,qb,10,16,16,9-7-0,321,536,59.9,3948,26,4.9,15,2.8,187,80,7.4,7.1,12.3,246.8,87.2,67.0,19,136,6.87,6.59,3.4,3,3,15
3,2013,32,nyg,qb,10,16,16,7-9-0,317,551,57.5,3818,18,3.3,27,4.9,174,70,6.9,5.4,12.0,238.6,69.4,39.3,39,281,5.99,4.55,6.6,1,2,7
4,2014,33,nyg,qb,10,16,16,6-10-0,379,601,63.1,4410,30,5.0,14,2.3,219,80,7.3,7.3,11.6,275.6,92.1,62.5,28,187,6.71,6.67,4.5,1,1,12
5,2015,34,nyg,qb,10,16,16,6-10-0,387,618,62.6,4432,35,5.7,14,2.3,206,87,7.2,7.3,11.5,277.0,93.6,60.5,27,157,6.63,6.74,4.2,1,2,14
6,2016,35,nyg,qb,10,16,16,11-5-0,377,598,63.0,4027,26,4.3,16,2.7,191,75,6.7,6.4,10.7,251.7,86.0,49.3,21,142,6.28,5.95,3.4,3,6,9
7,2017,36,nyg,qb,10,15,15,3-12-0,352,571,61.6,3468,19,3.3,13,2.3,172,77,6.1,5.7,9.9,231.2,80.4,45.4,31,189,5.45,5.11,5.1,0,1,7
8,2018,37,nyg,qb,10,16,16,5-11-0,380,576,66.0,4299,21,3.6,11,1.9,205,58,7.5,7.3,11.3,268.7,92.4,48.7,47,358,6.33,6.21,7.5,1,2,12
,Year,Age,Tm,Pos,No.,G,GS,QBrec,Att,Y/A+,NY/A+,AY/A+,ANY/A+,Cmp%+,TD%+,Int%+,Sack%+,Rate+
0,2010,29,nyg,qb,10,16,16,10-6-0,539,106,113,99,104,107,117,77,125,102
1,2011,30,nyg,qb,10,16,16,9-7-0,589,126,128,119,121,101,107,102,114,111
2,2012,31,nyg,qb,10,16,16,9-7-0,536,105,112,104,109,97,106,99,125,102
3,2013,32,nyg,qb,10,16,16,7-9-0,551,95,94,80,81,84,87,60,98,77
4,2014,33,nyg,qb,10,16,16,6-10-0,601,103,108,105,108,103,106,104,115,105
5,2015,34,nyg,qb,10,16,16,6-10-0,618,99,106,104,108,99,115,102,115,106
6,2016,35,nyg,qb,10,16,16,11-5-0,598,91,99,92,97,101,100,94,122,96
7,2017,36,nyg,qb,10,15,15,3-12-0,571,77,83,83,86,94,88,101,109,88
8,2018,37,nyg,qb,10,16,16,5-11-0,576,105,101,104,101,109,91,107,93,103
,Year,Age,Tm,Pos,No.,G,GS,Rush,Yds,TD,1D,Lng,Y/A,Y/G,A/G
0,2010,29,nyg,qb,10,16,16,32,70,0,4,16,2.2,4.4,2.0
1,2011,30,nyg,qb,10,16,16,35,15,1,2,12,0.4,0.9,2.2
2,2012,31,nyg,qb,10,16,16,20,30,0,2,13,1.5,1.9,1.3
3,2013,32,nyg,qb,10,16,16,18,36,0,3,14,2.0,2.3,1.1
4,2014,33,nyg,qb,10,16,16,12,31,1,4,18,2.6,1.9,0.8
5,2015,34,nyg,qb,10,16,16,20,61,0,5,18,3.1,3.8,1.3
6,2016,35,nyg,qb,10,16,16,21,9,0,2,6,0.4,0.6,1.3
7,2017,36,nyg,qb,10,15,15,12,26,1,2,14,2.2,1.7,0.8
8,2018,37,nyg,qb,10,16,16,15,20,1,5,7,1.3,1.3,0.9
,Year,Age,Tm,Pos,No.,G,GS,QBrec,Cmp,Att,Cmp%,Yds,TD,TD%,Int,Int%,1D,Lng,Y/A,AY/A,Y/C,Y/G,Rate,QBR,Sk,Yds,NY/A,ANY/A,Sk%,4QC,GWD,AV
0,2010,24,nyj,qb,6,16,16,11-5-0,278,507,54.8,3291,17,3.4,13,2.6,162,74,6.5,6.0,11.8,205.7,75.3,51.6,27,171,5.84,5.38,5.1,3,5,9
1,2011,25,nyj,qb,6,16,16,8-8-0,308,543,56.7,3474,26,4.8,18,3.3,172,74,6.4,5.9,11.3,217.1,78.2,44.1,39,243,5.55,5.05,6.7,4,4,9
2,2012,26,nyj,qb,6,15,15,6-9-0,246,453,54.3,2883,13,2.9,18,4.0,146,66,6.4,5.2,11.7,192.2,66.9,27.1,34,209,5.49,4.36,7.0,1,1,5
3,2014,28,phi,qb,3,9,8,4-4-0,198,309,64.1,2418,14,4.5,11,3.6,119,72,7.8,7.1,12.2,268.7,88.4,57.5,23,151,6.83,6.18,6.9,0,0,7
,Year,Age,Tm,Pos,No.,G,GS,QBrec,Att,Y/A+,NY/A+,AY/A+,ANY/A+,Cmp%+,TD%+,Int%+,Sack%+,Rate+
0,2010,24,nyj,qb,6,16,16,11-5-0,507,90,94,94,96,81,90,105,109,90
1,2011,25,nyj,qb,6,16,16,8-8-0,543,86,86,89,89,86,106,92,96,92
2,2012,26,nyj,qb,6,15,15,6-9-0,453,84,86,80,81,77,84,80,95,77
3,2014,28,phi,qb,3,9,8,4-4-0,309,115,111,103,101,107,100,83,96,100
,Year,Age,Tm,Pos,No.,G,GS,Rush,Yds,TD,1D,Lng,Y/A,Y/G,A/G
0,2010,24,nyj,qb,6,16,16,30,105,3,10,20,3.5,6.6,1.9
1,2011,25,nyj,qb,6,16,16,37,103,6,15,25,2.8,6.4,2.3
2,2012,26,nyj,qb,6,15,15,22,28,0,3,8,1.3,1.9,1.5
3,2014,28,phi,qb,3,9,8,34,87,1,5,15,2.6,9.7,3.8
,Year,Age,Tm,Pos,No.,G,GS,QBrec,Cmp,Att,Cmp%,Yds,TD,TD%,Int,Int%,1D,Lng,Y/A,AY/A,Y/C,Y/G,Rate,QBR,Sk,Yds,NY/A,ANY/A,Sk%,4QC,GWD,AV
0,2010,28,den,qb,8,13,13,3-10-0,293,498,58.8,3653,20,4.0,9,1.8,173,71,7.3,7.3,12.5,281.0,87.5,53.3,34,243,6.41,6.4,6.4,1,1,11
1,2014,32,buf,qb,18,12,12,7-5-0,287,447,64.2,3018,18,4.0,10,2.2,148,84,6.8,6.6,10.5,251.5,87.8,43.9,33,198,5.88,5.69,6.9,2,2,8
,Year,Age,Tm,Pos,No.,G,GS,QBrec,Att,Y/A+,NY/A+,AY/A+,ANY/A+,Cmp%+,TD%+,Int%+,Sack%+,Rate+
0,2010,28,den,qb,8,13,13,3-10-0,498,105,103,108,107,94,97,116,98,104
1,2014,32,buf,qb,18,12,12,7-5-0,447,90,90,94,95,108,95,105,96,99
,Year,Age,Tm,Pos,No.,G,GS,Rush,Yds,TD,1D,Lng,Y/A,Y/G,A/G
0,2010,28,den,qb,8,13,13,22,98,0,9,14,4.5,7.5,1.7
1,2014,32,buf,qb,18,12,12,15,14,1,2,10,0.9,1.2,1.3
,Year,Age,Tm,Pos,No.,G,GS,QBrec,Cmp,Att,Cmp%,Yds,TD,TD%,Int,Int%,1D,Lng,Y/A,AY/A,Y/C,Y/G,Rate,QBR,Sk,Yds,NY/A,ANY/A,Sk%,4QC,GWD,AV
0,2010,33,nwe,qb,12,16,16,14-2-0,324,492,65.9,3900,36,7.3,4,0.8,189,79,7.9,9.0,12.0,243.8,111.0,78.3,25,175,7.21,8.25,4.8,2,3,18
1,2011,34,nwe,qb,12,16,16,13-3-0,401,611,65.6,5235,39,6.4,12,2.0,262,99,8.6,9.0,13.1,327.2,105.6,75.2,32,173,7.87,8.25,5.0,1,2,21
2,2012,35,nwe,qb,12,16,16,12-4-0,401,637,63.0,4827,34,5.3,8,1.3,256,83,7.6,8.1,12.0,301.7,98.7,76.1,27,182,7.0,7.48,4.1,1,2,18
3,2013,36,nwe,qb,12,16,16,12-4-0,380,628,60.5,4343,25,4.0,11,1.8,226,81,6.9,6.9,11.4,271.4,87.3,62.1,40,256,6.12,6.13,6.0,0,0,13
4,2014,37,nwe,qb,12,16,16,12-4-0,373,582,64.1,4109,33,5.7,9,1.5,221,69,7.1,7.5,11.0,256.8,97.4,76.2,21,134,6.59,7.01,3.5,2,2,16
5,2015,38,nwe,qb,12,16,16,12-4-0,402,624,64.4,4770,36,5.8,7,1.1,229,76,7.6,8.3,11.9,298.1,102.2,68.0,38,225,6.87,7.48,5.7,2,2,17
6,2016,39,nwe,qb,12,12,12,11-1-0,291,432,67.4,3554,28,6.5,2,0.5,165,79,8.2,9.3,12.2,296.2,112.2,79.1,15,87,7.76,8.81,3.4,1,1,13
7,2017,40,nwe,qb,12,16,16,13-3-0,385,581,66.3,4577,32,5.5,8,1.4,230,64,7.9,8.4,11.9,286.1,102.8,73.2,35,201,7.1,7.56,5.7,2,2,19
8,2018,41,nwe,qb,12,16,16,11-5-0,375,570,65.8,4355,29,5.1,11,1.9,255,63,7.6,7.8,11.6,272.2,97.7,66.6,21,147,7.12,7.26,3.6,1,2,14
9,2019,42,nwe,qb,12,16,16,12-4-0,373,613,60.8,4057,24,3.9,8,1.3,193,59,6.6,6.8,10.9,253.6,88.0,54.5,27,185,6.05,6.24,4.2,1,1,11
,Year,Age,Tm,Pos,No.,G,GS,QBrec,Att,Y/A+,NY/A+,AY/A+,ANY/A+,Cmp%+,TD%+,Int%+,Sack%+,Rate+
0,2010,33,nwe,qb,12,16,16,14-2-0,492,115,116,127,128,117,135,129,110,130
1,2011,34,nwe,qb,12,16,16,13-3-0,611,130,132,130,132,118,124,114,110,127
2,2012,35,nwe,qb,12,16,16,12-4-0,637,109,114,117,120,108,111,124,119,116
3,2013,36,nwe,qb,12,16,16,12-4-0,628,95,97,101,102,96,95,115,103,101
4,2014,37,nwe,qb,12,16,16,12-4-0,582,97,106,108,113,107,113,117,122,112
5,2015,38,nwe,qb,12,16,16,12-4-0,624,111,111,119,119,106,116,123,103,119
6,2016,39,nwe,qb,12,12,12,11-1-0,432,125,131,133,138,119,125,134,123,133
7,2017,40,nwe,qb,12,16,16,13-3-0,581,114,115,118,119,110,112,116,105,117
8,2018,41,nwe,qb,12,16,16,11-5-0,570,109,116,110,115,109,107,107,123,110
9,2019,42,nwe,qb,12,16,16,12-4-0,613,87,94,95,100,87,93,116,118,95
,Year,Age,Tm,Pos,No.,G,GS,Rush,Yds,TD,1D,Lng,Y/A,Y/G,A/G
0,2010,33,nwe,qb,12,16,16,31,30,1,10,9,1.0,1.9,1.9
1,2011,34,nwe,qb,12,16,16,43,109,3,23,13,2.5,6.8,2.7
2,2012,35,nwe,qb,12,16,16,23,32,4,12,7,1.4,2.0,1.4
3,2013,36,nwe,qb,12,16,16,32,18,0,5,11,0.6,1.1,2.0
4,2014,37,nwe,qb,12,16,16,36,57,0,11,17,1.6,3.6,2.3
5,2015,38,nwe,qb,12,16,16,34,53,3,14,13,1.6,3.3,2.1
6,2016,39,nwe,qb,12,12,12,28,64,0,11,15,2.3,5.3,2.3
7,2017,40,nwe,qb,12,16,16,25,28,0,8,7,1.1,1.8,1.6
8,2018,41,nwe,qb,12,16,16,23,35,2,10,10,1.5,2.2,1.4
9,2019,42,nwe,qb,12,16,16,26,34,3,8,17,1.3,2.1,1.6
,Year,Age,Tm,Pos,No.,G,GS,QBrec,Cmp,Att,Cmp%,Yds,TD,TD%,Int,Int%,1D,Lng,Y/A,AY/A,Y/C,Y/G,Rate,QBR,Sk,Yds,NY/A,ANY/A,Sk%,4QC,GWD,AV
0,2010,25,mia,qb,7,15,14,6-8-0,301,490,61.4,3301,15,3.1,19,3.9,167,57,6.7,5.6,11.0,220.1,75.4,46.9,30,178,6.01,4.94,5.8,0,1,7
1,2012,27,jax,qb,7,10,6,1-5-0,166,308,53.9,2084,11,3.6,11,3.6,86,81,6.8,5.9,12.6,208.4,72.2,27.7,28,169,5.7,4.88,8.3,0,0,4
2,2013,28,jax,qb,7,15,13,4-9-0,305,503,60.6,3241,13,2.6,14,2.8,152,62,6.4,5.7,10.6,216.1,76.5,35.0,38,243,5.54,4.86,7.0,1,1,6
,Year,Age,Tm,Pos,No.,G,GS,QBrec,Att,Y/A+,NY/A+,AY/A+,ANY/A+,Cmp%+,TD%+,Int%+,Sack%+,Rate+
0,2010,25,mia,qb,7,15,14,6-8-0,490,94,96,89,91,103,86,87,103,90
1,2012,27,jax,qb,7,10,6,1-5-0,308,93,90,89,87,76,92,87,84,84
2,2013,28,jax,qb,7,15,13,4-9-0,503,84,84,84,85,96,79,97,95,86
,Year,Age,Tm,Pos,No.,G,GS,Rush,Yds,TD,1D,Lng,Y/A,Y/G,A/G
0,2010,25,mia,qb,7,15,14,35,52,0,7,10,1.5,3.5,2.3
1,2012,27,jax,qb,7,10,6,19,64,1,6,15,3.4,6.4,1.9
2,2013,28,jax,qb,7,15,13,27,77,0,7,14,2.9,5.1,1.8
,Year,Age,Tm,Pos,No.,G,GS,QBrec,Cmp,Att,Cmp%,Yds,TD,TD%,Int,Int%,1D,Lng,Y/A,AY/A,Y/C,Y/G,Rate,QBR,Sk,Yds,NY/A,ANY/A,Sk%,4QC,GWD,AV
0,2010,25,rav,qb,5,16,16,12-4-0,306,489,62.6,3622,25,5.1,10,2.0,174,67,7.4,7.5,11.8,226.4,93.6,60.1,40,294,6.29,6.39,7.6,2,4,12
1,2011,26,rav,qb,5,16,16,12-4-0,312,542,57.6,3610,20,3.7,12,2.2,180,74,6.7,6.4,11.6,225.6,80.9,62.5,31,203,5.95,5.7,5.4,2,3,12
2,2012,27,rav,qb,5,16,16,10-6-0,317,531,59.7,3817,22,4.1,10,1.9,178,61,7.2,7.2,12.0,238.6,87.7,51.1,35,227,6.34,6.33,6.2,3,3,13
3,2013,28,rav,qb,5,16,16,8-8-0,362,614,59.0,3912,19,3.1,22,3.6,191,74,6.4,5.4,10.8,244.5,73.1,47.8,48,324,5.42,4.5,7.3,2,4,8
4,2014,29,rav,qb,5,16,16,10-6-0,344,554,62.1,3986,27,4.9,12,2.2,194,80,7.2,7.2,11.6,249.1,91.0,68.2,19,167,6.66,6.66,3.3,2,2,14
5,2015,30,rav,qb,5,10,10,3-7-0,266,413,64.4,2791,14,3.4,12,2.9,125,50,6.8,6.1,10.5,279.1,83.1,49.7,16,124,6.22,5.61,3.7,3,3,5
6,2016,31,rav,qb,5,16,16,8-8-0,436,672,64.9,4317,20,3.0,15,2.2,204,95,6.4,6.0,9.9,269.8,83.5,52.7,33,243,5.78,5.39,4.7,2,2,9
7,2017,32,rav,qb,5,16,16,9-7-0,352,549,64.1,3141,18,3.3,13,2.4,163,66,5.7,5.3,8.9,196.3,80.4,49.8,27,205,5.1,4.71,4.7,0,0,9
8,2018,33,rav,qb,5,9,9,4-5-0,232,379,61.2,2465,12,3.2,6,1.6,119,71,6.5,6.4,10.6,273.9,84.2,56.3,16,79,6.04,5.96,4.1,0,0,7
,Year,Age,Tm,Pos,No.,G,GS,QBrec,Att,Y/A+,NY/A+,AY/A+,ANY/A+,Cmp%+,TD%+,Int%+,Sack%+,Rate+
0,2010,25,rav,qb,5,16,16,12-4-0,489,106,101,110,107,106,110,113,90,111
1,2011,26,rav,qb,5,16,16,12-4-0,542,91,94,96,98,89,93,110,107,95
2,2012,27,rav,qb,5,16,16,10-6-0,531,101,102,105,105,96,98,114,102,103
3,2013,28,rav,qb,5,16,16,8-8-0,614,82,82,80,80,90,85,83,93,82
4,2014,29,rav,qb,5,16,16,10-6-0,554,100,107,103,108,99,104,106,123,104
5,2015,30,rav,qb,5,10,10,3-7-0,413,89,96,87,91,106,87,91,118,91
6,2016,31,rav,qb,5,16,16,8-8-0,672,83,88,87,89,109,83,102,112,92
7,2017,32,rav,qb,5,16,16,9-7-0,549,70,77,77,81,103,87,100,112,88
8,2018,33,rav,qb,5,9,9,4-5-0,379,86,95,92,98,91,86,113,119,92
,Year,Age,Tm,Pos,No.,G,GS,Rush,Yds,TD,1D,Lng,Y/A,Y/G,A/G
0,2010,25,rav,qb,5,16,16,43,84,1,10,14,2.0,5.3,2.7
1,2011,26,rav,qb,5,16,16,39,88,1,13,33,2.3,5.5,2.4
2,2012,27,rav,qb,5,16,16,32,22,3,11,16,0.7,1.4,2.0
3,2013,28,rav,qb,5,16,16,27,131,1,12,22,4.9,8.2,1.7
4,2014,29,rav,qb,5,16,16,39,70,2,17,15,1.8,4.4,2.4
5,2015,30,rav,qb,5,10,10,13,23,3,6,16,1.8,2.3,1.3
6,2016,31,rav,qb,5,16,16,21,58,2,6,16,2.8,3.6,1.3
7,2017,32,rav,qb,5,16,16,25,54,1,4,25,2.2,3.4,1.6
8,2018,33,rav,qb,5,9,9,19,45,0,10,13,2.4,5.0,2.1
9,2019,34,den,qb,5,8,8,12,20,0,4,9,1.7,2.5,1.5
,Year,Age,Tm,Pos,No.,G,GS,QBrec,Cmp,Att,Cmp%,Yds,TD,TD%,Int,Int%,1D,Lng,Y/A,AY/A,Y/C,Y/G,Rate,QBR,Sk,Yds,NY/A,ANY/A,Sk%,4QC,GWD,AV
0,2010,27,gnb,qb,12,15,15,10-5-0,312,475,65.7,3922,28,5.9,11,2.3,183,86,8.3,8.4,12.6,261.5,101.2,69.2,31,193,7.37,7.5,6.1,0,1,15
1,2011,28,gnb,qb,12,15,15,14-1-0,343,502,68.3,4643,45,9.0,6,1.2,209,93,9.2,10.5,13.5,309.5,122.5,84.5,36,219,8.22,9.39,6.7,0,1,23
2,2012,29,gnb,qb,12,16,16,11-5-0,371,552,67.2,4295,39,7.1,8,1.4,215,73,7.8,8.5,11.6,268.4,108.0,71.2,51,293,6.64,7.33,8.5,2,3,16
3,2013,30,gnb,qb,12,9,9,6-3-0,193,290,66.6,2536,17,5.9,6,2.1,108,83,8.7,9.0,13.1,281.8,104.9,60.6,21,117,7.78,8.0,6.8,1,1,9
4,2014,31,gnb,qb,12,16,16,12-4-0,341,520,65.6,4381,38,7.3,5,1.0,221,80,8.4,9.5,12.8,273.8,112.2,78.3,28,174,7.68,8.65,5.1,1,1,21
5,2015,32,gnb,qb,12,16,16,10-6-0,347,572,60.7,3821,31,5.4,8,1.4,177,65,6.7,7.1,11.0,238.8,92.7,60.3,46,314,5.67,6.1,7.4,2,2,14
6,2016,33,gnb,qb,12,16,16,10-6-0,401,610,65.7,4428,40,6.6,7,1.1,226,60,7.3,8.1,11.0,276.8,104.2,73.8,35,246,6.48,7.24,5.4,0,2,18
7,2017,34,gnb,qb,12,7,7,4-3-0,154,238,64.7,1675,16,6.7,6,2.5,86,72,7.0,7.2,10.9,239.3,97.2,64.4,22,168,5.8,5.99,8.5,2,2,7
8,2018,35,gnb,qb,12,16,16,6-9-1,372,597,62.3,4442,25,4.2,2,0.3,200,75,7.4,8.1,11.9,277.6,97.6,54.4,49,353,6.33,6.96,7.6,3,3,13
9,2019,36,gnb,qb,12,16,16,13-3-0,353,569,62.0,4002,26,4.6,4,0.7,189,74,7.0,7.6,11.3,250.1,95.4,55.6,36,284,6.15,6.71,6.0,2,3,14
,Year,Age,Tm,Pos,No.,G,GS,QBrec,Att,Y/A+,NY/A+,AY/A+,ANY/A+,Cmp%+,TD%+,Int%+,Sack%+,Rate+
0,2010,27,gnb,qb,12,15,15,10-5-0,475,121,119,120,119,116,119,109,100,119
1,2011,28,gnb,qb,12,15,15,14-1-0,502,144,139,150,147,127,153,126,96,149
2,2012,29,gnb,qb,12,16,16,11-5-0,552,113,107,123,118,123,130,121,83,128
3,2013,30,gnb,qb,12,9,9,6-3-0,290,138,132,130,127,119,117,110,97,124
4,2014,31,gnb,qb,12,16,16,12-4-0,520,129,129,135,135,113,132,127,110,132
5,2015,32,gnb,qb,12,16,16,10-6-0,572,87,84,102,98,91,112,118,89,105
6,2016,33,gnb,qb,12,16,16,10-6-0,610,103,104,116,116,112,126,122,105,122
7,2017,34,gnb,qb,12,7,7,4-3-0,238,97,90,103,98,105,126,97,84,110
8,2018,35,gnb,qb,12,16,16,6-9-1,597,105,101,115,111,95,97,133,93,110
9,2019,36,gnb,qb,12,16,16,13-3-0,569,95,96,106,106,92,100,126,106,105
,Year,Age,Tm,Pos,No.,G,GS,Rush,Yds,TD,1D,Lng,Y/A,Y/G,A/G
0,2010,27,gnb,qb,12,15,15,64,356,4,22,27,5.6,23.7,4.3
1,2011,28,gnb,qb,12,15,15,60,257,3,18,25,4.3,17.1,4.0
2,2012,29,gnb,qb,12,16,16,54,259,2,20,27,4.8,16.2,3.4
3,2013,30,gnb,qb,12,9,9,30,120,0,11,18,4.0,13.3,3.3
4,2014,31,gnb,qb,12,16,16,43,269,2,22,19,6.3,16.8,2.7
5,2015,32,gnb,qb,12,16,16,58,344,1,20,18,5.9,21.5,3.6
6,2016,33,gnb,qb,12,16,16,67,369,4,26,23,5.5,23.1,4.2
7,2017,34,gnb,qb,12,7,7,24,126,0,10,18,5.3,18.0,3.4
8,2018,35,gnb,qb,12,16,16,43,269,2,20,23,6.3,16.8,2.7
9,2019,36,gnb,qb,12,16,16,46,183,1,9,17,4.0,11.4,2.9
,Year,Age,Tm,Pos,No.,G,GS,QBrec,Cmp,Att,Cmp%,Yds,TD,TD%,Int,Int%,1D,Lng,Y/A,AY/A,Y/C,Y/G,Rate,QBR,Sk,Yds,NY/A,ANY/A,Sk%,4QC,GWD,AV
0,2010,22,tam,qb,5,16,16,10-6-0,291,474,61.4,3451,25,5.3,6,1.3,167,64,7.3,7.8,11.9,215.7,95.9,70.3,28,195,6.49,6.94,5.6,0,5,14
1,2011,23,tam,qb,5,15,15,4-11-0,346,551,62.8,3592,16,2.9,22,4.0,170,65,6.5,5.3,10.4,239.5,74.6,46.7,29,164,5.91,4.76,5.0,1,2,8
2,2012,24,tam,qb,5,16,16,7-9-0,306,558,54.8,4065,27,4.8,17,3.0,186,95,7.3,6.9,13.3,254.1,81.6,49.4,26,161,6.68,6.3,4.5,1,1,13
,Year,Age,Tm,Pos,No.,G,GS,QBrec,Att,Y/A+,NY/A+,AY/A+,ANY/A+,Cmp%+,TD%+,Int%+,Sack%+,Rate+
0,2010,22,tam,qb,5,16,16,10-6-0,474,104,104,113,113,102,112,123,105,113
1,2011,23,tam,qb,5,15,15,4-11-0,551,88,93,82,85,108,84,81,110,87
2,2012,24,tam,qb,5,16,16,7-9-0,558,103,108,102,105,79,106,95,116,95
,Year,Age,Tm,Pos,No.,G,GS,Rush,Yds,TD,1D,Lng,Y/A,Y/G,A/G
0,2010,22,tam,qb,5,16,16,68,364,0,30,33,5.4,22.8,4.3
1,2011,23,tam,qb,5,15,15,55,238,4,25,25,4.3,15.9,3.7
2,2012,24,tam,qb,5,16,16,39,139,0,16,13,3.6,8.7,2.4
,Year,Age,Tm,Pos,No.,G,GS,QBrec,Cmp,Att,Cmp%,Yds,TD,TD%,Int,Int%,1D,Lng,Y/A,AY/A,Y/C,Y/G,Rate,QBR,Sk,Yds,NY/A,ANY/A,Sk%,4QC,GWD,AV
0,2010,34,was,qb,5,13,13,5-8-0,275,472,58.3,3377,14,3.0,15,3.2,152,76,7.2,6.3,12.3,259.8,77.1,48.2,37,271,6.1,5.33,7.3,2,2,8
1,2011,35,min,qb,5,6,6,1-5-0,94,156,60.3,1026,4,2.6,2,1.3,52,60,6.6,6.5,10.9,171.0,82.9,55.3,16,113,5.31,5.25,9.3,0,0,4
,Year,Age,Tm,Pos,No.,G,GS,QBrec,Att,Y/A+,NY/A+,AY/A+,ANY/A+,Cmp%+,TD%+,Int%+,Sack%+,Rate+
0,2010,34,was,qb,5,13,13,5-8-0,472,102,98,97,95,92,85,97,92,92
1,2011,35,min,qb,5,6,6,1-5-0,156,90,82,98,92,99,80,125,75,98
,Year,Age,Tm,Pos,No.,G,GS,Rush,Yds,TD,1D,Lng,Y/A,Y/G,A/G
0,2010,34,was,qb,5,13,13,29,151,0,8,36,5.2,11.6,2.2
1,2011,35,min,qb,5,6,6,14,59,1,5,23,4.2,9.8,2.3
,Year,Age,Tm,Pos,No.,G,GS,QBrec,Cmp,Att,Cmp%,Yds,TD,TD%,Int,Int%,1D,Lng,Y/A,AY/A,Y/C,Y/G,Rate,QBR,Sk,Yds,NY/A,ANY/A,Sk%,4QC,GWD,AV
0,2010,28,kan,qb,7,15,15,10-5-0,262,450,58.2,3116,27,6.0,7,1.6,164,75,6.9,7.4,11.9,207.7,93.0,60.1,26,182,6.16,6.64,5.5,1,2,12
1,2011,29,kan,qb,7,9,9,4-5-0,160,269,59.5,1713,10,3.7,9,3.3,84,52,6.4,5.6,10.7,190.3,76.6,54.7,22,120,5.47,4.77,7.6,1,2,2
2,2012,30,kan,qb,7,9,8,1-7-0,161,277,58.1,1796,6,2.2,12,4.3,97,46,6.5,5.0,11.2,199.6,66.7,26.3,19,101,5.73,4.31,6.4,1,1,2
3,2013,31,min,qb,16,9,6,3-3-0,153,254,60.2,1807,11,4.3,9,3.5,83,79,7.1,6.4,11.8,200.8,81.6,51.6,16,85,6.38,5.69,5.9,2,2,6
,Year,Age,Tm,Pos,No.,G,GS,QBrec,Att,Y/A+,NY/A+,AY/A+,ANY/A+,Cmp%+,TD%+,Int%+,Sack%+,Rate+
0,2010,28,kan,qb,7,15,15,10-5-0,450,98,99,109,110,92,120,119,106,110
1,2011,29,kan,qb,7,9,9,4-5-0,269,85,85,86,86,96,94,91,89,90
2,2012,30,kan,qb,7,9,8,1-7-0,277,87,90,77,80,91,76,74,100,77
3,2013,31,min,qb,16,9,6,3-3-0,254,100,102,94,96,95,99,84,104,93
,Year,Age,Tm,Pos,No.,G,GS,Rush,Yds,TD,1D,Lng,Y/A,Y/G,A/G
0,2010,28,kan,qb,7,15,15,33,125,0,5,23,3.8,8.3,2.2
1,2011,29,kan,qb,7,9,9,25,99,0,5,11,4.0,11.0,2.8
2,2012,30,kan,qb,7,9,8,27,145,1,12,21,5.4,16.1,3.0
3,2013,31,min,qb,16,9,6,18,57,1,3,13,3.2,6.3,2.0
,Year,Age,Tm,Pos,No.,G,GS,QBrec,Cmp,Att,Cmp%,Yds,TD,TD%,Int,Int%,1D,Lng,Y/A,AY/A,Y/C,Y/G,Rate,QBR,Sk,Yds,NY/A,ANY/A,Sk%,4QC,GWD,AV
0,2010,35,sea,qb,8,14,14,6-8-0,266,444,59.9,3001,12,2.7,17,3.8,137,87,6.8,5.6,11.3,214.4,73.2,50.3,29,175,5.97,4.86,6.1,0,0,8
1,2011,36,oti,qb,8,16,16,9-7-0,319,518,61.6,3571,18,3.5,14,2.7,163,80,6.9,6.4,11.2,223.2,82.4,51.4,19,153,6.36,5.86,3.5,2,3,9
2,2012,37,oti,qb,8,8,5,2-3-0,138,221,62.4,1367,7,3.2,5,2.3,71,37,6.2,5.8,9.9,170.9,81.0,45.0,14,103,5.38,5.02,6.0,2,2,3
3,2015,40,clt,qb,8,8,8,5-3-0,156,256,60.9,1690,9,3.5,5,2.0,87,57,6.6,6.4,10.8,211.3,84.0,48.0,16,101,5.84,5.68,5.9,1,2,4
,Year,Age,Tm,Pos,No.,G,GS,QBrec,Att,Y/A+,NY/A+,AY/A+,ANY/A+,Cmp%+,TD%+,Int%+,Sack%+,Rate+
0,2010,35,sea,qb,8,14,14,6-8-0,444,95,96,89,90,98,82,88,100,88
1,2011,36,oti,qb,8,16,16,9-7-0,518,96,102,96,100,103,91,102,122,97
2,2012,37,oti,qb,8,8,5,2-3-0,221,81,83,88,89,106,87,108,104,95
3,2015,40,clt,qb,8,8,8,5-3-0,256,85,88,91,92,92,89,108,101,92
,Year,Age,Tm,Pos,No.,G,GS,Rush,Yds,TD,1D,Lng,Y/A,Y/G,A/G
0,2010,35,sea,qb,8,14,14,23,60,3,7,20,2.6,4.3,1.6
1,2011,36,oti,qb,8,16,16,20,52,0,4,21,2.6,3.3,1.3
2,2012,37,oti,qb,8,8,5,13,38,0,2,16,2.9,4.8,1.6
3,2015,40,clt,qb,8,8,8,16,15,0,2,10,0.9,1.9,2.0
,Year,Age,Tm,Pos,No.,G,GS,QBrec,Cmp,Att,Cmp%,Yds,TD,TD%,Int,Int%,1D,Lng,Y/A,AY/A,Y/C,Y/G,Rate,QBR,Sk,Yds,NY/A,ANY/A,Sk%,4QC,GWD,AV
0,2010,28,buf,qb,14,13,13,4-9-0,255,441,57.8,3000,23,5.2,15,3.4,151,65,6.8,6.3,11.8,230.8,81.8,50.7,24,145,6.14,5.68,5.2,1,1,9
1,2011,29,buf,qb,14,16,16,6-10-0,353,569,62.0,3832,24,4.2,23,4.0,179,60,6.7,5.8,10.9,239.5,79.1,50.5,22,148,6.23,5.29,3.7,2,2,11
2,2012,30,buf,qb,14,16,16,6-10-0,306,505,60.6,3400,24,4.8,16,3.2,175,68,6.7,6.3,11.1,212.5,83.3,43.8,30,161,6.05,5.61,5.6,0,1,11
3,2013,31,oti,qb,4,11,9,3-6-0,217,350,62.0,2454,14,4.0,12,3.4,119,77,7.0,6.3,11.3,223.1,82.0,57.2,21,109,6.32,5.62,5.7,2,2,9
4,2014,32,htx,qb,14,12,12,6-6-0,197,312,63.1,2483,17,5.4,8,2.6,120,76,8.0,7.9,12.6,206.9,95.3,61.1,21,83,7.21,7.15,6.3,0,0,9
5,2015,33,nyj,qb,14,16,16,10-6-0,335,562,59.6,3905,31,5.5,15,2.7,197,69,6.9,6.9,11.7,244.1,88.0,63.5,19,94,6.56,6.46,3.3,2,3,13
6,2016,34,nyj,qb,14,14,11,3-8-0,228,403,56.6,2710,12,3.0,17,4.2,130,57,6.7,5.4,11.9,193.6,69.6,37.9,19,81,6.23,4.99,4.5,0,0,5
7,2018,36,tam,qb,14,8,7,2-5-0,164,246,66.7,2366,17,6.9,12,4.9,113,75,9.6,8.8,14.4,295.8,100.4,62.1,14,76,8.81,8.04,5.4,0,0,7
8,2019,37,mia,qb,14,15,13,5-8-0,311,502,62.0,3529,20,4.0,13,2.6,182,51,7.0,6.7,11.3,235.3,85.5,66.6,40,209,6.13,5.78,7.4,3,4,10
,Year,Age,Tm,Pos,No.,G,GS,QBrec,Att,Y/A+,NY/A+,AY/A+,ANY/A+,Cmp%+,TD%+,Int%+,Sack%+,Rate+
0,2010,28,buf,qb,14,13,13,4-9-0,441,95,99,97,99,91,111,94,108,98
1,2011,29,buf,qb,14,16,16,6-10-0,569,93,100,88,93,105,99,80,120,93
2,2012,30,buf,qb,14,16,16,6-10-0,505,92,96,94,96,99,105,93,107,97
3,2013,31,oti,qb,4,11,9,3-6-0,350,97,101,92,95,101,96,86,106,94
4,2014,32,htx,qb,14,12,12,6-6-0,312,118,119,113,114,103,111,100,100,109
5,2015,33,nyj,qb,14,16,16,10-6-0,562,94,104,97,104,87,113,95,122,98
6,2016,34,nyj,qb,14,14,11,3-8-0,403,90,98,78,83,75,83,66,113,72
7,2018,36,tam,qb,14,8,7,2-5-0,246,148,147,124,125,112,126,58,109,114
8,2019,37,mia,qb,14,15,13,5-8-0,502,95,96,93,94,91,94,96,95,92
,Year,Age,Tm,Pos,No.,G,GS,Rush,Yds,TD,1D,Lng,Y/A,Y/G,A/G
0,2010,28,buf,qb,14,13,13,40,269,0,15,22,6.7,20.7,3.1
1,2011,29,buf,qb,14,16,16,56,215,0,20,18,3.8,13.4,3.5
2,2012,30,buf,qb,14,16,16,48,197,1,9,20,4.1,12.3,3.0
3,2013,31,oti,qb,4,11,9,43,225,3,17,26,5.2,20.5,3.9
4,2014,32,htx,qb,14,12,12,50,184,2,13,16,3.7,15.3,4.2
5,2015,33,nyj,qb,14,16,16,60,270,2,23,19,4.5,16.9,3.8
6,2016,34,nyj,qb,14,14,11,33,130,0,7,14,3.9,9.3,2.4
7,2018,36,tam,qb,14,8,7,36,152,2,9,18,4.2,19.0,4.5
8,2019,37,mia,qb,14,15,13,54,243,4,16,20,4.5,16.2,3.6
,Year,Age,Tm,Pos,No.,G,GS,QBrec,Cmp,Att,Cmp%,Yds,TD,TD%,Int,Int%,1D,Lng,Y/A,AY/A,Y/C,Y/G,Rate,QBR,Sk,Yds,NY/A,ANY/A,Sk%,4QC,GWD,AV
0,2010,27,chi,qb,6,15,15,10-5-0,261,432,60.4,3274,23,5.3,16,3.7,159,89,7.6,7.0,12.5,218.3,86.3,51.1,52,352,6.04,5.5,10.7,4,4,12
1,2011,28,chi,qb,6,10,10,7-3-0,182,314,58.0,2319,13,4.1,7,2.2,107,56,7.4,7.2,12.7,231.9,85.7,63.6,23,159,6.41,6.25,6.8,1,1,7
2,2012,29,chi,qb,6,15,15,10-5-0,255,434,58.8,3033,19,4.4,14,3.2,152,60,7.0,6.4,11.9,202.2,81.3,48.1,38,250,5.9,5.37,8.1,1,1,11
3,2013,30,chi,qb,6,11,11,5-6-0,224,355,63.1,2621,19,5.4,12,3.4,125,67,7.4,6.9,11.7,238.3,89.2,70.9,19,132,6.66,6.23,5.1,3,3,9
4,2014,31,chi,qb,6,15,15,5-10-0,370,561,66.0,3812,28,5.0,18,3.2,181,74,6.8,6.3,10.3,254.1,88.6,51.8,38,223,5.99,5.57,6.3,1,1,11
5,2015,32,chi,qb,6,15,15,6-9-0,311,483,64.4,3659,21,4.3,11,2.3,173,87,7.6,7.4,11.8,243.9,92.3,59.9,29,150,6.85,6.71,5.7,0,0,12
6,2016,33,chi,qb,6,5,5,1-4-0,81,137,59.1,1059,4,2.9,5,3.6,45,54,7.7,6.7,13.1,211.8,78.1,23.2,17,104,6.2,5.26,11.0,0,0,2
7,2017,34,mia,qb,6,14,14,6-8-0,266,429,62.0,2666,19,4.4,14,3.3,138,65,6.2,5.6,10.0,190.4,80.8,45.6,20,154,5.59,5.04,4.5,2,3,5
,Year,Age,Tm,Pos,No.,G,GS,QBrec,Att,Y/A+,NY/A+,AY/A+,ANY/A+,Cmp%+,TD%+,Int%+,Sack%+,Rate+
0,2010,27,chi,qb,6,15,15,10-5-0,432,109,97,104,97,99,112,90,66,103
1,2011,28,chi,qb,6,10,10,7-3-0,314,106,103,107,105,91,98,110,95,101
2,2012,29,chi,qb,6,15,15,10-5-0,434,97,93,96,93,93,101,92,87,95
3,2013,30,chi,qb,6,11,11,5-6-0,355,106,108,101,103,106,111,87,111,103
4,2014,31,chi,qb,6,15,15,5-10-0,561,91,93,92,93,115,106,89,100,100
5,2015,32,chi,qb,6,15,15,6-9-0,483,109,111,106,108,106,99,102,103,104
6,2016,33,chi,qb,6,5,5,1-4-0,137,113,98,96,87,86,83,77,59,85
7,2017,34,mia,qb,6,14,14,6-8-0,429,80,86,81,85,95,100,85,114,88
,Year,Age,Tm,Pos,No.,G,GS,Rush,Yds,TD,1D,Lng,Y/A,Y/G,A/G
0,2010,27,chi,qb,6,15,15,50,232,1,18,25,4.6,15.5,3.3
1,2011,28,chi,qb,6,10,10,18,55,1,4,12,3.1,5.5,1.8
2,2012,29,chi,qb,6,15,15,41,233,0,15,24,5.7,15.5,2.7
3,2013,30,chi,qb,6,11,11,23,118,0,7,18,5.1,10.7,2.1
4,2014,31,chi,qb,6,15,15,39,191,2,14,25,4.9,12.7,2.6
5,2015,32,chi,qb,6,15,15,38,201,1,16,26,5.3,13.4,2.5
6,2016,33,chi,qb,6,5,5,5,24,0,1,12,4.8,4.8,1.0
7,2017,34,mia,qb,6,14,14,19,32,0,3,9,1.7,2.3,1.4
,Year,Age,Tm,Pos,No.,G,GS,QBrec,Cmp,Att,Cmp%,Yds,TD,TD%,Int,Int%,1D,Lng,Y/A,AY/A,Y/C,Y/G,Rate,QBR,Sk,Yds,NY/A,ANY/A,Sk%,4QC,GWD,AV
0,2010,30,det,qb,14,11,10,3-7-0,257,416,61.8,2686,16,3.8,12,2.9,120,75,6.5,5.9,10.5,244.2,81.3,51.4,17,113,5.94,5.43,3.9,1,0,8
1,2014,34,ram,qb,14,9,8,3-5-0,145,229,63.3,1657,8,3.5,7,3.1,82,63,7.2,6.6,11.4,184.1,83.9,45.2,18,116,6.24,5.61,7.3,0,0,4
,Year,Age,Tm,Pos,No.,G,GS,QBrec,Att,Y/A+,NY/A+,AY/A+,ANY/A+,Cmp%+,TD%+,Int%+,Sack%+,Rate+
0,2010,30,det,qb,14,11,10,3-7-0,416,89,95,93,96,104,95,101,117,97
1,2014,34,ram,qb,14,9,8,3-5-0,229,101,98,95,93,104,88,91,93,94
,Year,Age,Tm,Pos,No.,G,GS,Rush,Yds,TD,1D,Lng,Y/A,Y/G,A/G
0,2010,30,det,qb,14,11,10,22,123,0,10,40,5.6,11.2,2.0
1,2014,34,ram,qb,14,9,8,10,10,1,1,9,1.0,1.1,1.1
,Year,Age,Tm,Pos,No.,G,GS,QBrec,Cmp,Att,Cmp%,Yds,TD,TD%,Int,Int%,1D,Lng,Y/A,AY/A,Y/C,Y/G,Rate,QBR,Sk,Yds,NY/A,ANY/A,Sk%,4QC,GWD,AV
0,2010,28,pit,qb,7,12,12,9-3-0,240,389,61.7,3200,17,4.4,5,1.3,149,56,8.2,8.5,13.3,266.7,97.0,68.2,32,220,7.08,7.35,7.6,2,3,12
1,2011,29,pit,qb,7,15,15,11-4-0,324,513,63.2,4077,21,4.1,14,2.7,210,95,7.9,7.5,12.6,271.8,90.1,65.0,40,269,6.89,6.51,7.2,1,1,12
2,2012,30,pit,qb,7,13,13,7-6-0,284,449,63.3,3265,26,5.8,8,1.8,167,82,7.3,7.6,11.5,251.2,97.0,71.3,30,182,6.44,6.77,6.3,2,3,10
3,2013,31,pit,qb,7,16,16,8-8-0,375,584,64.2,4261,28,4.8,14,2.4,211,67,7.3,7.2,11.4,266.3,92.0,58.1,42,282,6.36,6.24,6.7,1,3,13
4,2014,32,pit,qb,7,16,16,11-5-0,408,608,67.1,4952,32,5.3,9,1.5,244,94,8.1,8.5,12.1,309.5,103.3,68.7,33,172,7.46,7.82,5.1,2,3,15
5,2015,33,pit,qb,7,12,11,7-4-0,319,469,68.0,3938,21,4.5,16,3.4,175,69,8.4,7.8,12.3,328.2,94.5,71.1,20,141,7.76,7.15,4.1,1,1,12
6,2016,34,pit,qb,7,14,14,10-4-0,328,509,64.4,3819,29,5.7,13,2.6,184,72,7.5,7.5,11.6,272.8,95.4,61.8,17,141,6.99,6.98,3.2,2,2,12
7,2017,35,pit,qb,7,15,15,12-3-0,360,561,64.2,4251,28,5.0,14,2.5,204,97,7.6,7.5,11.8,283.4,93.4,66.3,21,139,7.07,6.95,3.6,0,0,14
8,2018,36,pit,qb,7,16,16,9-6-1,452,675,67.0,5129,34,5.0,16,2.4,248,97,7.6,7.5,11.3,320.6,96.5,71.0,24,166,7.1,7.04,3.4,2,3,14
,Year,Age,Tm,Pos,No.,G,GS,QBrec,Att,Y/A+,NY/A+,AY/A+,ANY/A+,Cmp%+,TD%+,Int%+,Sack%+,Rate+
0,2010,28,pit,qb,7,12,12,9-3-0,389,120,114,122,118,103,101,123,89,115
1,2011,29,pit,qb,7,15,15,11-4-0,513,117,112,111,109,109,98,101,92,107
2,2012,30,pit,qb,7,13,13,7-6-0,449,103,103,111,111,109,116,116,101,114
3,2013,31,pit,qb,7,16,16,8-8-0,584,104,102,105,104,110,105,104,98,107
4,2014,32,pit,qb,7,16,16,11-5-0,608,122,124,122,124,119,109,118,109,120
5,2015,33,pit,qb,7,12,11,7-4-0,469,129,132,111,114,120,100,81,116,107
6,2016,34,pit,qb,7,14,14,10-4-0,509,108,115,108,112,107,116,96,124,109
7,2017,35,pit,qb,7,15,15,12-3-0,561,108,115,106,111,103,106,97,120,105
8,2018,36,pit,qb,7,16,16,9-6-1,675,108,115,107,112,113,106,100,124,108
,Year,Age,Tm,Pos,No.,G,GS,Rush,Yds,TD,1D,Lng,Y/A,Y/G,A/G
0,2010,28,pit,qb,7,12,12,34,176,2,15,31,5.2,14.7,2.8
1,2011,29,pit,qb,7,15,15,31,70,0,6,11,2.3,4.7,2.1
2,2012,30,pit,qb,7,13,13,26,92,0,5,14,3.5,7.1,2.0
3,2013,31,pit,qb,7,16,16,27,99,1,5,19,3.7,6.2,1.7
4,2014,32,pit,qb,7,16,16,33,27,0,6,8,0.8,1.7,2.1
5,2015,33,pit,qb,7,12,11,15,29,0,4,13,1.9,2.4,1.3
6,2016,34,pit,qb,7,14,14,16,14,1,3,14,0.9,1.0,1.1
7,2017,35,pit,qb,7,15,15,28,47,0,7,14,1.7,3.1,1.9
8,2018,36,pit,qb,7,16,16,31,98,3,13,18,3.2,6.1,1.9
,Year,Age,Tm,Pos,No.,G,GS,QBrec,Cmp,Att,Cmp%,Yds,TD,TD%,Int,Int%,1D,Lng,Y/A,AY/A,Y/C,Y/G,Rate,QBR,Sk,Yds,NY/A,ANY/A,Sk%,4QC,GWD,AV
0,2010,30,phi,qb,7,12,12,8-3-0,233,372,62.6,3018,21,5.6,6,1.6,119,91,8.1,8.5,13.0,251.5,100.2,65.0,34,210,6.92,7.29,8.4,4,3,15
1,2011,31,phi,qb,7,13,13,7-6-0,253,423,59.8,3303,18,4.3,14,3.3,154,73,7.8,7.2,13.1,254.1,84.9,60.9,23,126,7.12,6.52,5.2,0,0,13
2,2012,32,phi,qb,7,10,10,3-7-0,204,351,58.1,2362,12,3.4,10,2.8,115,77,6.7,6.1,11.6,236.2,78.1,47.0,28,153,5.83,5.27,7.4,3,3,7
3,2013,33,phi,qb,7,7,6,2-4-0,77,141,54.6,1215,5,3.5,3,2.1,52,70,8.6,8.4,15.8,173.6,86.5,53.5,15,99,7.15,6.93,9.6,0,0,5
,Year,Age,Tm,Pos,No.,G,GS,QBrec,Att,Y/A+,NY/A+,AY/A+,ANY/A+,Cmp%+,TD%+,Int%+,Sack%+,Rate+
0,2010,30,phi,qb,7,12,12,8-3-0,372,118,112,121,117,106,116,119,83,118
1,2011,31,phi,qb,7,13,13,7-6-0,423,115,117,106,109,97,100,92,109,100
2,2012,32,phi,qb,7,10,10,3-7-0,351,92,92,92,92,91,90,99,92,91
3,2013,33,phi,qb,7,7,6,2-4-0,141,135,119,121,113,73,90,109,74,100
,Year,Age,Tm,Pos,No.,G,GS,Rush,Yds,TD,1D,Lng,Y/A,Y/G,A/G
0,2010,30,phi,qb,7,12,12,100,676,9,36,35,6.8,56.3,8.3
1,2011,31,phi,qb,7,13,13,76,589,1,27,53,7.8,45.3,5.8
2,2012,32,phi,qb,7,10,10,62,332,1,20,20,5.4,33.2,6.2
3,2013,33,phi,qb,7,7,6,36,306,2,17,61,8.5,43.7,5.1
,Year,Age,Tm,Pos,No.,G,GS,QBrec,Cmp,Att,Cmp%,Yds,TD,TD%,Int,Int%,1D,Lng,Y/A,AY/A,Y/C,Y/G,Rate,QBR,Sk,Yds,NY/A,ANY/A,Sk%,4QC,GWD,AV
0,2010,32,jax,qb,9,14,14,8-6-0,236,366,64.5,2734,23,6.3,15,4.1,130,75,7.5,6.9,11.6,195.3,90.8,67.0,33,253,6.22,5.68,8.3,1,5,12
,Year,Age,Tm,Pos,No.,G,GS,QBrec,Att,Y/A+,NY/A+,AY/A+,ANY/A+,Cmp%+,TD%+,Int%+,Sack%+,Rate+
0,2010,32,jax,qb,9,14,14,8-6-0,366,107,100,103,99,112,123,84,84,108
,Year,Age,Tm,Pos,No.,G,GS,Rush,Yds,TD,1D,Lng,Y/A,Y/G,A/G
0,2010,32,jax,qb,9,14,14,66,279,5,29,25,4.2,19.9,4.7
,Year,Age,Tm,Pos,No.,G,GS,QBrec,Cmp,Att,Cmp%,Yds,TD,TD%,Int,Int%,1D,Lng,Y/A,AY/A,Y/C,Y/G,Rate,QBR,Sk,Yds,NY/A,ANY/A,Sk%,4QC,GWD,AV
0,2010,41,min,qb,4,13,13,5-8-0,217,358,60.6,2509,11,3.1,19,5.3,112,53,7.0,5.2,11.6,193.0,69.9,35.2,22,139,6.24,4.57,5.8,1,2,5
,Year,Age,Tm,Pos,No.,G,GS,QBrec,Att,Y/A+,NY/A+,AY/A+,ANY/A+,Cmp%+,TD%+,Int%+,Sack%+,Rate+
0,2010,41,min,qb,4,13,13,5-8-0,358,99,100,85,86,100,87,68,103,84
,Year,Age,Tm,Pos,No.,G,GS,Rush,Yds,TD,1D,Lng,Y/A,Y/G,A/G
0,2010,41,min,qb,4,13,13,17,8,0,1,10,0.5,0.6,1.3
,Year,Age,Tm,Pos,No.,G,GS,QBrec,Cmp,Att,Cmp%,Yds,TD,TD%,Int,Int%,1D,Lng,Y/A,AY/A,Y/C,Y/G,Rate,QBR,Sk,Yds,NY/A,ANY/A,Sk%,4QC,GWD,AV
0,2010,26,sfo,qb,11,11,10,3-7-0,204,342,59.6,2370,14,4.1,10,2.9,102,62,6.9,6.4,11.6,215.5,82.1,44.4,25,140,6.08,5.61,6.8,0,0,6
1,2011,27,sfo,qb,11,16,16,13-3-0,273,445,61.3,3144,17,3.8,5,1.1,145,56,7.1,7.3,11.5,196.5,90.7,53.0,44,263,5.89,6.13,9.0,0,5,13
2,2012,28,sfo,qb,11,10,9,6-2-1,153,218,70.2,1737,13,6.0,5,2.3,87,55,8.0,8.1,11.4,173.7,104.1,65.1,24,137,6.61,6.76,9.9,0,0,7
3,2013,29,kan,qb,11,15,15,11-4-0,308,508,60.6,3313,23,4.5,7,1.4,168,71,6.5,6.8,10.8,220.9,89.1,47.1,39,210,5.67,5.94,7.1,1,1,14
4,2014,30,kan,qb,11,15,15,8-7-0,303,464,65.3,3265,18,3.9,6,1.3,179,70,7.0,7.2,10.8,217.7,93.4,51.7,45,229,5.96,6.14,8.8,3,3,13
5,2015,31,kan,qb,11,16,16,11-5-0,307,470,65.3,3486,20,4.3,7,1.5,155,80,7.4,7.6,11.4,217.9,95.4,58.4,45,235,6.31,6.48,8.7,1,1,16
6,2016,32,kan,qb,11,15,15,11-4-0,328,489,67.1,3502,15,3.1,8,1.6,182,80,7.2,7.0,10.7,233.5,91.2,58.0,28,140,6.5,6.39,5.4,3,3,12
7,2017,33,kan,qb,11,15,15,9-6-0,341,505,67.5,4042,26,5.1,5,1.0,182,79,8.0,8.6,11.9,269.5,104.7,67.0,35,207,7.1,7.65,6.5,1,3,17
8,2018,34,was,qb,11,10,10,6-4-0,205,328,62.5,2180,10,3.0,5,1.5,106,52,6.6,6.6,10.6,218.0,85.7,51.4,22,121,5.88,5.81,6.3,0,0,6
,Year,Age,Tm,Pos,No.,G,GS,QBrec,Att,Y/A+,NY/A+,AY/A+,ANY/A+,Cmp%+,TD%+,Int%+,Sack%+,Rate+
0,2010,26,sfo,qb,11,11,10,3-7-0,342,98,98,98,98,97,98,101,95,98
1,2011,27,sfo,qb,11,16,16,13-3-0,445,99,93,108,104,103,95,128,77,108
2,2012,28,sfo,qb,11,10,9,6-2-1,218,117,107,117,111,133,118,108,71,123
3,2013,29,kan,qb,11,15,15,11-4-0,508,85,87,100,99,96,102,122,94,103
4,2014,30,kan,qb,11,15,15,8-7-0,464,96,92,104,101,112,93,121,81,107
5,2015,31,kan,qb,11,16,16,11-5-0,470,105,99,109,104,110,98,116,79,109
6,2016,32,kan,qb,11,15,15,11-4-0,489,100,104,101,104,117,85,113,105,103
7,2017,33,kan,qb,11,15,15,9-6-0,505,117,115,121,120,115,108,123,99,120
8,2018,34,was,qb,11,10,10,6-4-0,328,89,92,94,96,96,85,114,102,94
,Year,Age,Tm,Pos,No.,G,GS,Rush,Yds,TD,1D,Lng,Y/A,Y/G,A/G
0,2010,26,sfo,qb,11,11,10,18,60,0,3,12,3.3,5.5,1.6
1,2011,27,sfo,qb,11,16,16,52,179,2,13,14,3.4,11.2,3.3
2,2012,28,sfo,qb,11,10,9,31,132,0,6,24,4.3,13.2,3.1
3,2013,29,kan,qb,11,15,15,76,431,1,24,26,5.7,28.7,5.1
4,2014,30,kan,qb,11,15,15,49,254,1,15,25,5.2,16.9,3.3
5,2015,31,kan,qb,11,16,16,84,498,2,34,49,5.9,31.1,5.3
6,2016,32,kan,qb,11,15,15,48,134,5,11,24,2.8,8.9,3.2
7,2017,33,kan,qb,11,15,15,60,355,1,20,70,5.9,23.7,4.0
8,2018,34,was,qb,11,10,10,41,168,1,15,22,4.1,16.8,4.1
,Year,Age,Tm,Pos,No.,G,GS,QBrec,Cmp,Att,Cmp%,Yds,TD,TD%,Int,Int%,1D,Lng,Y/A,AY/A,Y/C,Y/G,Rate,QBR,Sk,Yds,NY/A,ANY/A,Sk%,4QC,GWD,AV
0,2010,29,rai,qb,8,13,12,7-5-0,194,329,59.0,2387,13,4.0,8,2.4,111,73,7.3,7.0,12.3,183.6,84.5,49.2,33,208,6.02,5.74,9.1,2,2,9
1,2011,30,rai,qb,8,6,6,4-2-0,100,165,60.6,1170,6,3.6,4,2.4,56,58,7.1,6.7,11.7,195.0,84.2,55.1,5,19,6.77,6.42,2.9,1,1,4
2,2013,32,cle,qb,17,9,8,1-7-0,180,317,56.8,2015,11,3.5,8,2.5,86,80,6.4,5.9,11.2,223.9,76.9,41.4,16,104,5.74,5.32,4.8,0,0,4
,Year,Age,Tm,Pos,No.,G,GS,QBrec,Att,Y/A+,NY/A+,AY/A+,ANY/A+,Cmp%+,TD%+,Int%+,Sack%+,Rate+
0,2010,29,rai,qb,8,13,12,7-5-0,329,103,97,104,100,95,97,107,78,101
1,2011,30,rai,qb,8,6,6,4-2-0,165,100,110,101,107,100,93,107,127,99
2,2013,32,cle,qb,17,9,8,1-7-0,317,81,89,87,91,82,90,102,113,87
,Year,Age,Tm,Pos,No.,G,GS,Rush,Yds,TD,1D,Lng,Y/A,Y/G,A/G
0,2010,29,rai,qb,8,13,12,47,222,1,13,24,4.7,17.1,3.6
1,2011,30,rai,qb,8,6,6,18,60,2,7,17,3.3,10.0,3.0
2,2013,32,cle,qb,17,9,8,14,107,0,6,21,7.6,11.9,1.6
,Year,Age,Tm,Pos,No.,G,GS,QBrec,Cmp,Att,Cmp%,Yds,TD,TD%,Int,Int%,1D,Lng,Y/A,AY/A,Y/C,Y/G,Rate,QBR,Sk,Yds,NY/A,ANY/A,Sk%,4QC,GWD,AV
0,2010,27,crd,qb,3,12,9,2-7-0,169,327,51.7,2065,7,2.1,10,3.1,96,43,6.3,5.4,12.2,172.1,65.9,30.9,25,176,5.37,4.49,7.1,1,1,3
,Year,Age,Tm,Pos,No.,G,GS,QBrec,Att,Y/A+,NY/A+,AY/A+,ANY/A+,Cmp%+,TD%+,Int%+,Sack%+,Rate+
0,2010,27,crd,qb,3,12,9,2-7-0,327,87,86,86,86,71,76,99,93,80
,Year,Age,Tm,Pos,No.,G,GS,Rush,Yds,TD,1D,Lng,Y/A,Y/G,A/G
0,2010,27,crd,qb,3,12,9,5,25,0,2,11,5.0,2.1,0.4
,Year,Age,Tm,Pos,No.,G,GS,QBrec,Cmp,Att,Cmp%,Yds,TD,TD%,Int,Int%,1D,Lng,Y/A,AY/A,Y/C,Y/G,Rate,QBR,Sk,Yds,NY/A,ANY/A,Sk%,4QC,GWD,AV
0,2010,38,dal,qb,3,10,9,4-5-0,209,318,65.7,2365,16,5.0,12,3.8,97,71,7.4,6.7,11.3,236.5,88.9,55.7,21,100,6.68,6.03,6.2,1,2,8
,Year,Age,Tm,Pos,No.,G,GS,QBrec,Att,Y/A+,NY/A+,AY/A+,ANY/A+,Cmp%+,TD%+,Int%+,Sack%+,Rate+
0,2010,38,dal,qb,3,10,9,4-5-0,318,106,108,102,103,116,109,89,100,106
,Year,Age,Tm,Pos,No.,G,GS,Rush,Yds,TD,1D,Lng,Y/A,Y/G,A/G
0,2010,38,dal,qb,3,10,9,31,147,1,5,29,4.7,14.7,3.1
,Year,Age,Tm,Pos,No.,G,GS,QBrec,Cmp,Att,Cmp%,Yds,TD,TD%,Int,Int%,1D,Lng,Y/A,AY/A,Y/C,Y/G,Rate,QBR,Sk,Yds,NY/A,ANY/A,Sk%,4QC,GWD,AV
0,2010,23,car,qb,2,13,10,1-9-0,157,299,52.5,1558,3,1.0,9,3.0,73,55,5.2,4.1,9.9,119.8,58.4,13.2,33,223,4.02,2.98,9.9,0,0,0
,Year,Age,Tm,Pos,No.,G,GS,QBrec,Att,Y/A+,NY/A+,AY/A+,ANY/A+,Cmp%+,TD%+,Int%+,Sack%+,Rate+
0,2010,23,car,qb,2,13,10,1-9-0,299,68,63,72,69,74,63,99,72,71
,Year,Age,Tm,Pos,No.,G,GS,Rush,Yds,TD,1D,Lng,Y/A,Y/G,A/G
0,2010,23,car,qb,2,13,10,23,57,0,3,11,2.5,4.4,1.8
,Year,Age,Tm,Pos,No.,G,GS,QBrec,Cmp,Att,Cmp%,Yds,TD,TD%,Int,Int%,1D,Lng,Y/A,AY/A,Y/C,Y/G,Rate,QBR,Sk,Yds,NY/A,ANY/A,Sk%,4QC,GWD,AV
0,2010,38,oti,qb,5,10,7,2-5-0,160,278,57.6,1823,14,5.0,8,2.9,90,80,6.6,6.3,11.4,182.3,82.2,59.4,13,91,5.95,5.68,4.5,1,1,6
,Year,Age,Tm,Pos,No.,G,GS,QBrec,Att,Y/A+,NY/A+,AY/A+,ANY/A+,Cmp%+,TD%+,Int%+,Sack%+,Rate+
0,2010,38,oti,qb,5,10,7,2-5-0,278,91,95,96,99,90,109,101,113,98
,Year,Age,Tm,Pos,No.,G,GS,Rush,Yds,TD,1D,Lng,Y/A,Y/G,A/G
0,2010,38,oti,qb,5,10,7,10,1,0,1,4,0.1,0.1,1.0
,Year,Age,Tm,Pos,No.,G,GS,QBrec,Cmp,Att,Cmp%,Yds,TD,TD%,Int,Int%,1D,Lng,Y/A,AY/A,Y/C,Y/G,Rate,QBR,Sk,Yds,NY/A,ANY/A,Sk%,4QC,GWD,AV
0,2010,24,cle,qb,12,8,8,2-6-0,135,222,60.8,1576,6,2.7,9,4.1,77,47,7.1,5.8,11.7,197.0,74.5,53.0,23,132,5.89,4.73,9.4,0,0,5
1,2011,25,cle,qb,12,13,13,4-9-0,265,463,57.2,2733,14,3.0,11,2.4,142,56,5.9,5.4,10.3,210.2,74.6,44.4,32,173,5.17,4.74,6.5,1,3,5
,Year,Age,Tm,Pos,No.,G,GS,QBrec,Att,Y/A+,NY/A+,AY/A+,ANY/A+,Cmp%+,TD%+,Int%+,Sack%+,Rate+
0,2010,24,cle,qb,12,8,8,2-6-0,222,101,95,91,88,101,82,85,76,89
1,2011,25,cle,qb,12,13,13,4-9-0,463,76,79,84,85,88,86,107,98,87
,Year,Age,Tm,Pos,No.,G,GS,Rush,Yds,TD,1D,Lng,Y/A,Y/G,A/G
0,2010,24,cle,qb,12,8,8,28,136,1,10,18,4.9,17.0,3.5
1,2011,25,cle,qb,12,13,13,61,212,0,19,20,3.5,16.3,4.7
,Year,Age,Tm,Pos,No.,G,GS,QBrec,Cmp,Att,Cmp%,Yds,TD,TD%,Int,Int%,1D,Lng,Y/A,AY/A,Y/C,Y/G,Rate,QBR,Sk,Yds,NY/A,ANY/A,Sk%,4QC,GWD,AV
0,2010,30,dal,qb,9,6,6,1-5-0,148,213,69.5,1605,11,5.2,7,3.3,73,69,7.5,7.1,10.8,267.5,94.9,68.1,7,41,7.11,6.68,3.2,0,0,6
1,2011,31,dal,qb,9,16,16,8-8-0,346,522,66.3,4184,31,5.9,10,1.9,203,77,8.0,8.3,12.1,261.5,102.5,69.5,36,227,7.09,7.4,6.5,4,4,13
2,2012,32,dal,qb,9,16,16,8-8-0,425,648,65.6,4903,28,4.3,19,2.9,232,85,7.6,7.1,11.5,306.4,90.5,65.4,36,263,6.78,6.35,5.3,0,5,14
3,2013,33,dal,qb,9,15,15,8-7-0,342,535,63.9,3828,31,5.8,10,1.9,198,82,7.2,7.5,11.2,255.2,96.7,62.0,35,272,6.24,6.54,6.1,2,4,13
4,2014,34,dal,qb,9,15,15,12-3-0,304,435,69.9,3705,34,7.8,9,2.1,191,68,8.5,9.1,12.2,247.0,113.2,79.7,29,215,7.52,8.11,6.3,3,4,15
,Year,Age,Tm,Pos,No.,G,GS,QBrec,Att,Y/A+,NY/A+,AY/A+,ANY/A+,Cmp%+,TD%+,Int%+,Sack%+,Rate+
0,2010,30,dal,qb,9,6,6,1-5-0,213,108,115,106,110,128,110,95,123,112
1,2011,31,dal,qb,9,16,16,8-8-0,522,119,116,122,120,120,119,115,98,123
2,2012,32,dal,qb,9,16,16,8-8-0,648,109,110,105,106,117,100,97,109,106
3,2013,33,dal,qb,9,15,15,8-7-0,535,100,99,109,108,109,116,113,102,113
4,2014,34,dal,qb,9,15,15,12-3-0,435,131,126,131,128,130,138,108,101,134
,Year,Age,Tm,Pos,No.,G,GS,Rush,Yds,TD,1D,Lng,Y/A,Y/G,A/G
0,2010,30,dal,qb,9,6,6,6,38,0,2,14,6.3,6.3,1.0
1,2011,31,dal,qb,9,16,16,22,46,1,4,17,2.1,2.9,1.4
2,2012,32,dal,qb,9,16,16,30,49,1,6,15,1.6,3.1,1.9
3,2013,33,dal,qb,9,15,15,20,38,0,5,15,1.9,2.5,1.3
4,2014,34,dal,qb,9,15,15,26,61,0,6,21,2.3,4.1,1.7
,Year,Age,Tm,Pos,No.,G,GS,QBrec,Cmp,Att,Cmp%,Yds,TD,TD%,Int,Int%,1D,Lng,Y/A,AY/A,Y/C,Y/G,Rate,QBR,Sk,Yds,NY/A,ANY/A,Sk%,4QC,GWD,AV
0,2010,26,phi,qb,4,7,5,2-3-0,115,189,60.8,1197,7,3.7,7,3.7,58,83,6.3,5.4,10.4,171.0,76.1,46.4,15,99,5.38,4.52,7.4,0,0,3
1,2011,27,crd,qb,4,9,9,3-6-0,146,253,57.7,1955,9,3.6,8,3.2,87,73,7.7,7.0,13.4,217.2,81.1,34.0,30,219,6.13,5.5,10.6,2,1,5
2,2012,28,crd,qb,4,6,5,3-2-0,109,183,59.6,1169,8,4.4,3,1.6,63,46,6.4,6.5,10.7,194.8,86.1,42.7,27,159,4.81,4.93,12.9,2,2,3
,Year,Age,Tm,Pos,No.,G,GS,QBrec,Att,Y/A+,NY/A+,AY/A+,ANY/A+,Cmp%+,TD%+,Int%+,Sack%+,Rate+
0,2010,26,phi,qb,4,7,5,2-3-0,189,87,86,87,86,101,94,90,91,91
1,2011,27,crd,qb,4,9,9,3-6-0,253,113,98,104,95,90,92,94,65,95
2,2012,28,crd,qb,4,6,5,3-2-0,183,85,73,97,88,96,101,118,47,101
,Year,Age,Tm,Pos,No.,G,GS,Rush,Yds,TD,1D,Lng,Y/A,Y/G,A/G
0,2010,26,phi,qb,4,7,5,15,65,0,6,19,4.3,9.3,2.1
1,2011,27,crd,qb,4,9,9,17,65,0,6,17,3.8,7.2,1.9
2,2012,28,crd,qb,4,6,5,16,100,1,7,22,6.3,16.7,2.7
,Year,Age,Tm,Pos,No.,G,GS,QBrec,Cmp,Att,Cmp%,Yds,TD,TD%,Int,Int%,1D,Lng,Y/A,AY/A,Y/C,Y/G,Rate,QBR,Sk,Yds,NY/A,ANY/A,Sk%,4QC,GWD,AV
0,2010,27,oti,qb,10,9,8,4-4-0,93,156,59.6,1255,10,6.4,3,1.9,58,71,8.0,8.5,13.5,139.4,98.6,59.8,13,80,6.95,7.34,7.7,0,1,6
,Year,Age,Tm,Pos,No.,G,GS,QBrec,Att,Y/A+,NY/A+,AY/A+,ANY/A+,Cmp%+,TD%+,Int%+,Sack%+,Rate+
0,2010,27,oti,qb,10,9,8,4-4-0,156,117,112,121,117,97,125,114,89,117
,Year,Age,Tm,Pos,No.,G,GS,Rush,Yds,TD,1D,Lng,Y/A,Y/G,A/G
0,2010,27,oti,qb,10,9,8,25,125,0,6,20,5.0,13.9,2.8
,Year,Age,Tm,Pos,No.,G,GS,QBrec,Cmp,Att,Cmp%,Yds,TD,TD%,Int,Int%,1D,Lng,Y/A,AY/A,Y/C,Y/G,Rate,QBR,Sk,Yds,NY/A,ANY/A,Sk%,4QC,GWD,AV
0,2010,26,sfo,qb,1,6,6,3-3-0,73,145,50.3,1176,5,3.4,4,2.8,43,66,8.1,7.6,16.1,196.0,77.8,38.5,18,112,6.53,6.04,11.0,2,2,4
,Year,Age,Tm,Pos,No.,G,GS,QBrec,Att,Y/A+,NY/A+,AY/A+,ANY/A+,Cmp%+,TD%+,Int%+,Sack%+,Rate+
0,2010,26,sfo,qb,1,6,6,3-3-0,145,118,105,111,103,67,91,103,63,93
,Year,Age,Tm,Pos,No.,G,GS,Rush,Yds,TD,1D,Lng,Y/A,Y/G,A/G
0,2010,26,sfo,qb,1,6,6,23,121,1,9,16,5.3,20.2,3.8
,Year,Age,Tm,Pos,No.,G,GS,QBrec,Cmp,Att,Cmp%,Yds,TD,TD%,Int,Int%,1D,Lng,Y/A,AY/A,Y/C,Y/G,Rate,QBR,Sk,Yds,NY/A,ANY/A,Sk%,4QC,GWD,AV
0,2010,26,car,qb,3,6,5,1-4-0,79,143,55.2,857,5,3.5,10,7.0,47,39,6.0,3.5,10.8,142.8,55.6,32.8,13,90,4.92,2.67,8.3,1,1,2
1,2011,27,mia,qb,8,13,12,6-6-0,210,347,60.5,2497,16,4.6,9,2.6,122,65,7.2,7.0,11.9,192.1,87.1,57.2,36,229,5.92,5.7,9.4,1,1,8
,Year,Age,Tm,Pos,No.,G,GS,QBrec,Att,Y/A+,NY/A+,AY/A+,ANY/A+,Cmp%+,TD%+,Int%+,Sack%+,Rate+
0,2010,26,car,qb,3,6,5,1-4-0,143,81,78,66,65,83,91,45,84,68
1,2011,27,mia,qb,8,13,12,6-6-0,347,102,94,104,98,100,104,104,74,103
,Year,Age,Tm,Pos,No.,G,GS,Rush,Yds,TD,1D,Lng,Y/A,Y/G,A/G
0,2010,26,car,qb,3,6,5,5,25,0,1,8,5.0,4.2,0.8
1,2011,27,mia,qb,8,13,12,32,65,2,5,16,2.0,5.0,2.5
,Year,Age,Tm,Pos,No.,G,GS,QBrec,Cmp,Att,Cmp%,Yds,TD,TD%,Int,Int%,1D,Lng,Y/A,AY/A,Y/C,Y/G,Rate,QBR,Sk,Yds,NY/A,ANY/A,Sk%,4QC,GWD,AV
0,2011,23,det,qb,9,16,16,10-6-0,421,663,63.5,5038,41,6.2,16,2.4,243,73,7.6,7.7,12.0,314.9,97.2,61.6,36,257,6.84,6.98,5.2,3,4,16
1,2012,24,det,qb,9,16,16,4-12-0,435,727,59.8,4967,20,2.8,17,2.3,267,57,6.8,6.3,11.4,310.4,79.8,56.1,29,212,6.29,5.81,3.8,3,3,13
2,2013,25,det,qb,9,16,16,7-9-0,371,634,58.5,4650,29,4.6,19,3.0,223,87,7.3,6.9,12.5,290.6,84.2,56.2,23,168,6.82,6.4,3.5,2,3,13
3,2014,26,det,qb,9,16,16,11-5-0,363,602,60.3,4257,22,3.7,12,2.0,212,73,7.1,6.9,11.7,266.1,85.7,47.3,45,254,6.19,6.03,7.0,0,0,12
4,2015,27,det,qb,9,16,16,7-9-0,398,592,67.2,4262,32,5.4,13,2.2,224,57,7.2,7.3,10.7,266.4,97.0,58.5,44,251,6.31,6.39,6.9,2,3,13
5,2016,28,det,qb,9,16,16,9-7-0,388,594,65.3,4327,24,4.0,10,1.7,218,73,7.3,7.3,11.2,270.4,93.3,66.5,37,216,6.52,6.56,5.9,0,0,14
6,2017,29,det,qb,9,16,16,9-7-0,371,565,65.7,4446,29,5.1,10,1.8,210,71,7.9,8.1,12.0,277.9,99.3,65.3,47,287,6.8,7.01,7.7,1,0,14
7,2018,30,det,qb,9,16,16,6-10-0,367,555,66.1,3777,21,3.8,11,2.0,197,67,6.8,6.7,10.3,236.1,89.9,48.4,40,255,5.92,5.79,6.7,0,1,10
8,2019,31,det,qb,9,8,8,3-4-1,187,291,64.3,2499,19,6.5,5,1.7,117,66,8.6,9.1,13.4,312.4,106.0,74.7,18,137,7.64,8.15,5.8,2,1,8
,Year,Age,Tm,Pos,No.,G,GS,QBrec,Att,Y/A+,NY/A+,AY/A+,ANY/A+,Cmp%+,TD%+,Int%+,Sack%+,Rate+
0,2011,23,det,qb,9,16,16,10-6-0,663,110,112,114,115,110,121,107,109,116
1,2012,24,det,qb,9,16,16,4-12-0,727,94,101,95,99,97,83,107,121,93
2,2013,25,det,qb,9,16,16,7-9-0,634,105,112,101,106,88,102,94,123,97
3,2014,26,det,qb,9,16,16,11-5-0,602,97,97,99,99,92,90,110,95,96
4,2015,27,det,qb,9,16,16,7-9-0,592,100,98,104,103,117,112,103,93,111
5,2016,28,det,qb,9,16,16,9-7-0,594,103,104,105,106,110,96,112,102,106
6,2017,29,det,qb,9,16,16,9-7-0,565,114,109,115,111,108,108,110,90,113
7,2018,30,det,qb,9,16,16,6-10-0,555,92,93,95,96,110,92,106,99,100
8,2019,31,det,qb,9,8,8,3-4-1,291,125,124,127,126,100,121,110,107,120
,Year,Age,Tm,Pos,No.,G,GS,Rush,Yds,TD,1D,Lng,Y/A,Y/G,A/G
0,2011,23,det,qb,9,16,16,22,78,0,7,22,3.5,4.9,1.4
1,2012,24,det,qb,9,16,16,35,126,4,12,11,3.6,7.9,2.2
2,2013,25,det,qb,9,16,16,37,69,2,13,14,1.9,4.3,2.3
3,2014,26,det,qb,9,16,16,43,93,2,11,18,2.2,5.8,2.7
4,2015,27,det,qb,9,16,16,44,159,1,13,18,3.6,9.9,2.8
5,2016,28,det,qb,9,16,16,37,207,2,16,24,5.6,12.9,2.3
6,2017,29,det,qb,9,16,16,29,98,0,9,15,3.4,6.1,1.8
7,2018,30,det,qb,9,16,16,25,71,0,8,10,2.8,4.4,1.6
8,2019,31,det,qb,9,8,8,20,66,0,5,12,3.3,8.3,2.5
,Year,Age,Tm,Pos,No.,G,GS,QBrec,Cmp,Att,Cmp%,Yds,TD,TD%,Int,Int%,1D,Lng,Y/A,AY/A,Y/C,Y/G,Rate,QBR,Sk,Yds,NY/A,ANY/A,Sk%,4QC,GWD,AV
0,2011,22,car,qb,1,16,16,6-10-0,310,517,60.0,4051,21,4.1,17,3.3,176,91,7.8,7.2,13.1,253.2,84.5,58.1,35,260,6.87,6.24,6.3,1,1,19
1,2012,23,car,qb,1,16,16,7-9-0,280,485,57.7,3869,19,3.9,12,2.5,171,82,8.0,7.6,13.8,241.8,86.2,58.3,36,244,6.96,6.65,6.9,1,1,16
2,2013,24,car,qb,1,16,16,12-4-0,292,473,61.7,3379,24,5.1,13,2.7,172,79,7.1,6.9,11.6,211.2,88.8,64.3,43,336,5.9,5.69,8.3,4,4,16
3,2014,25,car,qb,1,14,14,5-8-1,262,448,58.5,3127,18,4.0,12,2.7,156,51,7.0,6.6,11.9,223.4,82.1,57.3,38,300,5.82,5.45,7.8,3,2,12
4,2015,26,car,qb,1,16,16,15-1-0,296,495,59.8,3837,35,7.1,10,2.0,195,74,7.8,8.3,13.0,239.8,99.4,67.0,33,284,6.73,7.2,6.3,3,0,20
5,2016,27,car,qb,1,15,14,6-8-0,270,510,52.9,3509,19,3.7,14,2.7,173,88,6.9,6.4,13.0,233.9,75.8,48.0,36,277,5.92,5.46,6.6,0,0,11
6,2017,28,car,qb,1,16,16,11-5-0,291,492,59.1,3302,22,4.5,16,3.3,167,64,6.7,6.1,11.3,206.4,80.7,53.3,35,242,5.81,5.28,6.6,1,3,15
7,2018,29,car,qb,1,14,14,6-8-0,320,471,67.9,3395,24,5.1,13,2.8,180,82,7.2,7.0,10.6,242.5,94.2,55.0,29,213,6.36,6.15,5.8,2,2,13
,Year,Age,Tm,Pos,No.,G,GS,QBrec,Att,Y/A+,NY/A+,AY/A+,ANY/A+,Cmp%+,TD%+,Int%+,Sack%+,Rate+
0,2011,22,car,qb,1,16,16,6-10-0,517,115,112,106,105,98,97,92,99,100
1,2012,23,car,qb,1,16,16,7-9-0,485,117,113,111,109,89,96,105,96,101
2,2013,24,car,qb,1,16,16,12-4-0,473,100,92,101,96,100,108,98,85,103
3,2014,25,car,qb,1,14,14,5-8-1,448,95,89,95,91,85,94,98,89,92
4,2015,26,car,qb,1,16,16,15-1-0,495,113,108,119,115,88,132,107,98,115
5,2016,27,car,qb,1,15,14,6-8-0,510,94,91,92,90,61,92,93,96,81
6,2017,28,car,qb,1,16,16,11-5-0,492,90,90,88,88,85,101,85,98,88
7,2018,29,car,qb,1,14,14,6-8-0,471,100,101,99,100,117,107,93,106,105
,Year,Age,Tm,Pos,No.,G,GS,Rush,Yds,TD,1D,Lng,Y/A,Y/G,A/G
0,2011,22,car,qb,1,16,16,126,706,14,53,49,5.6,44.1,7.9
1,2012,23,car,qb,1,16,16,127,741,8,52,72,5.8,46.3,7.9
2,2013,24,car,qb,1,16,16,111,585,6,45,56,5.3,36.6,6.9
3,2014,25,car,qb,1,14,14,103,539,5,48,22,5.2,38.5,7.4
4,2015,26,car,qb,1,16,16,132,636,10,59,47,4.8,39.8,8.3
5,2016,27,car,qb,1,15,14,90,359,5,28,28,4.0,23.9,6.0
6,2017,28,car,qb,1,16,16,139,754,6,46,69,5.4,47.1,8.7
7,2018,29,car,qb,1,14,14,101,488,4,36,29,4.8,34.9,7.2
,Year,Age,Tm,Pos,No.,G,GS,QBrec,Cmp,Att,Cmp%,Yds,TD,TD%,Int,Int%,1D,Lng,Y/A,AY/A,Y/C,Y/G,Rate,QBR,Sk,Yds,NY/A,ANY/A,Sk%,4QC,GWD,AV
0,2011,24,cin,qb,14,16,16,9-7-0,300,516,58.1,3398,20,3.9,13,2.5,151,84,6.6,6.2,11.3,212.4,80.4,46.9,24,160,6.0,5.65,4.4,4,4,11
1,2012,25,cin,qb,14,16,16,10-6-0,329,528,62.3,3669,27,5.1,16,3.0,172,59,6.9,6.6,11.2,229.3,87.4,47.7,46,229,5.99,5.68,8.0,1,3,12
2,2013,26,cin,qb,14,16,16,11-5-0,363,586,61.9,4293,33,5.6,20,3.4,206,82,7.3,6.9,11.8,268.3,88.8,55.1,29,182,6.68,6.29,4.7,1,3,14
3,2014,27,cin,qb,14,16,16,10-5-1,309,481,64.2,3398,19,4.0,17,3.5,160,81,7.1,6.3,11.0,212.4,83.5,48.5,21,124,6.52,5.75,4.2,4,3,11
4,2015,28,cin,qb,14,13,13,10-3-0,255,386,66.1,3250,25,6.5,7,1.8,148,80,8.4,8.9,12.7,250.0,106.2,70.0,20,118,7.71,8.17,4.9,3,3,13
5,2016,29,cin,qb,14,16,16,6-9-1,364,563,64.7,4206,18,3.2,8,1.4,206,86,7.5,7.5,11.6,262.9,91.8,50.8,41,264,6.53,6.53,6.8,2,1,12
6,2017,30,cin,qb,14,16,16,7-9-0,297,496,59.9,3320,25,5.0,12,2.4,163,77,6.7,6.6,11.2,207.5,86.6,45.7,39,255,5.73,5.65,7.3,0,3,10
7,2018,31,cin,qb,14,11,11,5-6-0,226,365,61.9,2566,21,5.8,11,3.0,132,49,7.0,6.8,11.4,233.3,89.6,62.3,21,157,6.24,6.05,5.4,3,4,8
8,2019,32,cin,qb,14,13,13,2-11-0,314,528,59.5,3494,16,3.0,14,2.7,170,66,6.6,6.0,11.1,268.8,78.3,38.9,37,249,5.74,5.19,6.5,0,0,7
,Year,Age,Tm,Pos,No.,G,GS,QBrec,Att,Y/A+,NY/A+,AY/A+,ANY/A+,Cmp%+,TD%+,Int%+,Sack%+,Rate+
0,2011,24,cin,qb,14,16,16,9-7-0,516,90,95,94,97,91,95,105,114,94
1,2012,25,cin,qb,14,16,16,10-6-0,528,96,95,98,97,105,109,96,87,103
2,2013,26,cin,qb,14,16,16,11-5-0,586,105,109,101,104,101,114,86,113,103
3,2014,27,cin,qb,14,16,16,10-5-1,481,97,104,91,95,108,94,83,117,93
4,2015,28,cin,qb,14,13,13,10-3-0,386,129,131,128,130,113,125,111,109,125
5,2016,29,cin,qb,14,16,16,6-9-1,563,107,105,107,106,108,86,117,94,104
6,2017,30,cin,qb,14,16,16,7-9-0,496,90,89,95,93,87,107,99,93,96
7,2018,31,cin,qb,14,11,11,5-6-0,365,97,99,97,99,94,114,89,109,99
8,2019,32,cin,qb,14,13,13,2-11-0,528,87,89,84,86,82,83,95,101,82
,Year,Age,Tm,Pos,No.,G,GS,Rush,Yds,TD,1D,Lng,Y/A,Y/G,A/G
0,2011,24,cin,qb,14,16,16,37,152,1,8,17,4.1,9.5,2.3
1,2012,25,cin,qb,14,16,16,47,120,4,14,17,2.6,7.5,2.9
2,2013,26,cin,qb,14,16,16,61,183,2,15,12,3.0,11.4,3.8
3,2014,27,cin,qb,14,16,16,60,169,4,21,20,2.8,10.6,3.8
4,2015,28,cin,qb,14,13,13,57,142,3,15,12,2.5,10.9,4.4
5,2016,29,cin,qb,14,16,16,46,184,4,17,15,4.0,11.5,2.9
6,2017,30,cin,qb,14,16,16,38,99,0,10,25,2.6,6.2,2.4
7,2018,31,cin,qb,14,11,11,16,99,0,4,21,6.2,9.0,1.5
8,2019,32,cin,qb,14,13,13,32,73,4,12,17,2.3,5.6,2.5
,Year,Age,Tm,Pos,No.,G,GS,QBrec,Cmp,Att,Cmp%,Yds,TD,TD%,Int,Int%,1D,Lng,Y/A,AY/A,Y/C,Y/G,Rate,QBR,Sk,Yds,NY/A,ANY/A,Sk%,4QC,GWD,AV
0,2011,31,was,qb,8,13,13,5-8-0,265,458,57.9,3151,16,3.5,20,4.4,161,51,6.9,5.6,11.9,242.4,72.4,42.7,25,201,6.11,4.91,5.2,2,2,6
,Year,Age,Tm,Pos,No.,G,GS,QBrec,Att,Y/A+,NY/A+,AY/A+,ANY/A+,Cmp%+,TD%+,Int%+,Sack%+,Rate+
0,2011,31,was,qb,8,13,13,5-8-0,458,96,97,86,87,90,91,75,108,84
,Year,Age,Tm,Pos,No.,G,GS,Rush,Yds,TD,1D,Lng,Y/A,Y/G,A/G
0,2011,31,was,qb,8,13,13,20,11,1,2,6,0.6,0.8,1.5
,Year,Age,Tm,Pos,No.,G,GS,QBrec,Cmp,Att,Cmp%,Yds,TD,TD%,Int,Int%,1D,Lng,Y/A,AY/A,Y/C,Y/G,Rate,QBR,Sk,Yds,NY/A,ANY/A,Sk%,4QC,GWD,AV
0,2011,28,sea,qb,7,15,14,7-7-0,271,450,60.2,3091,14,3.1,13,2.9,139,61,6.9,6.2,11.4,206.1,79.2,44.7,42,293,5.69,5.07,8.5,0,0,9
,Year,Age,Tm,Pos,No.,G,GS,QBrec,Att,Y/A+,NY/A+,AY/A+,ANY/A+,Cmp%+,TD%+,Int%+,Sack%+,Rate+
0,2011,28,sea,qb,7,15,14,7-7-0,450,95,89,94,89,99,87,99,81,93
,Year,Age,Tm,Pos,No.,G,GS,Rush,Yds,TD,1D,Lng,Y/A,Y/G,A/G
0,2011,28,sea,qb,7,15,14,40,108,1,7,13,2.7,7.2,2.7
,Year,Age,Tm,Pos,No.,G,GS,QBrec,Cmp,Att,Cmp%,Yds,TD,TD%,Int,Int%,1D,Lng,Y/A,AY/A,Y/C,Y/G,Rate,QBR,Sk,Yds,NY/A,ANY/A,Sk%,4QC,GWD,AV
0,2011,22,jax,qb,11,15,14,4-10-0,210,413,50.8,2214,12,2.9,11,2.7,111,74,5.4,4.7,10.5,147.6,65.4,22.1,40,293,4.24,3.68,8.8,0,0,4
1,2012,23,jax,qb,11,10,10,1-9-0,162,278,58.3,1662,9,3.2,6,2.2,72,80,6.0,5.7,10.3,166.2,77.4,36.1,22,158,5.01,4.71,7.3,1,1,3
2,2015,26,sfo,qb,2,8,8,3-5-0,178,282,63.1,2031,10,3.5,7,2.5,85,71,7.2,6.8,11.4,253.9,86.2,37.8,25,164,6.08,5.71,8.1,2,2,5
3,2016,27,sfo,qb,2,6,5,1-4-0,91,160,56.9,925,5,3.1,6,3.8,50,75,5.8,4.7,10.2,154.2,68.4,53.7,11,48,5.13,4.13,6.4,0,0,0
4,2017,28,crd,qb,7,5,5,2-3-0,95,171,55.6,1086,6,3.5,6,3.5,55,52,6.4,5.5,11.4,217.2,71.9,30.6,23,149,4.83,4.06,11.9,2,2,2
,Year,Age,Tm,Pos,No.,G,GS,QBrec,Att,Y/A+,NY/A+,AY/A+,ANY/A+,Cmp%+,TD%+,Int%+,Sack%+,Rate+
0,2011,22,jax,qb,11,15,14,4-10-0,413,65,61,75,71,66,84,103,79,75
1,2012,23,jax,qb,11,10,10,1-9-0,278,76,77,86,85,91,88,110,92,90
2,2015,26,sfo,qb,2,8,8,3-5-0,282,100,93,97,92,101,89,98,84,95
3,2016,27,sfo,qb,2,6,5,1-4-0,160,69,74,68,71,77,85,75,97,71
4,2017,28,crd,qb,7,5,5,2-3-0,171,83,71,79,72,72,90,81,59,76
,Year,Age,Tm,Pos,No.,G,GS,Rush,Yds,TD,1D,Lng,Y/A,Y/G,A/G
0,2011,22,jax,qb,11,15,14,48,98,0,8,12,2.0,6.5,3.2
1,2012,23,jax,qb,11,10,10,18,56,0,7,10,3.1,5.6,1.8
2,2015,26,sfo,qb,2,8,8,32,185,1,10,44,5.8,23.1,4.0
3,2016,27,sfo,qb,2,6,5,40,173,2,16,24,4.3,28.8,6.7
4,2017,28,crd,qb,7,5,5,23,82,0,7,12,3.6,16.4,4.6
,Year,Age,Tm,Pos,No.,G,GS,QBrec,Cmp,Att,Cmp%,Yds,TD,TD%,Int,Int%,1D,Lng,Y/A,AY/A,Y/C,Y/G,Rate,QBR,Sk,Yds,NY/A,ANY/A,Sk%,4QC,GWD,AV
0,2011,23,min,qb,7,11,10,2-8-0,158,291,54.3,1853,13,4.5,13,4.5,92,72,6.4,5.3,11.7,168.5,70.1,33.4,30,164,5.26,4.25,9.3,0,1,5
1,2012,24,min,qb,7,16,16,10-6-0,300,483,62.1,2935,18,3.7,12,2.5,166,65,6.1,5.7,9.8,183.4,81.2,52.1,32,184,5.34,4.99,6.2,1,2,11
2,2013,25,min,qb,7,9,9,2-6-1,152,239,63.6,1648,7,2.9,9,3.8,83,47,6.9,5.8,10.8,183.1,77.9,42.8,27,119,5.75,4.75,10.2,1,0,6
,Year,Age,Tm,Pos,No.,G,GS,QBrec,Att,Y/A+,NY/A+,AY/A+,ANY/A+,Cmp%+,TD%+,Int%+,Sack%+,Rate+
0,2011,23,min,qb,7,11,10,2-8-0,291,85,81,81,79,78,102,73,75,81
1,2012,24,min,qb,7,16,16,10-6-0,483,78,83,87,89,105,94,105,102,95
2,2013,25,min,qb,7,9,9,2-6-1,239,94,89,86,84,108,83,80,70,88
,Year,Age,Tm,Pos,No.,G,GS,Rush,Yds,TD,1D,Lng,Y/A,Y/G,A/G
0,2011,23,min,qb,7,11,10,28,219,0,14,28,7.8,19.9,2.5
1,2012,24,min,qb,7,16,16,60,253,2,12,29,4.2,15.8,3.8
2,2013,25,min,qb,7,9,9,34,151,4,12,19,4.4,16.8,3.8
,Year,Age,Tm,Pos,No.,G,GS,QBrec,Cmp,Att,Cmp%,Yds,TD,TD%,Int,Int%,1D,Lng,Y/A,AY/A,Y/C,Y/G,Rate,QBR,Sk,Yds,NY/A,ANY/A,Sk%,4QC,GWD,AV
0,2011,23,crd,qb,19,8,7,5-2-0,151,275,54.9,1913,11,4.0,14,5.1,81,60,7.0,5.5,12.7,239.1,68.9,34.9,23,162,5.88,4.5,7.7,4,5,4
1,2012,24,crd,qb,19,7,6,1-5-0,109,201,54.2,1132,2,1.0,9,4.5,55,40,5.6,3.8,10.4,161.7,55.4,18.3,15,98,4.79,3.1,6.9,1,1,2
,Year,Age,Tm,Pos,No.,G,GS,QBrec,Att,Y/A+,NY/A+,AY/A+,ANY/A+,Cmp%+,TD%+,Int%+,Sack%+,Rate+
0,2011,23,crd,qb,19,8,7,5-2-0,275,97,93,84,82,80,97,63,88,80
1,2012,24,crd,qb,19,7,6,1-5-0,201,69,72,63,65,77,64,72,96,63
,Year,Age,Tm,Pos,No.,G,GS,Rush,Yds,TD,1D,Lng,Y/A,Y/G,A/G
0,2011,23,crd,qb,19,8,7,28,128,0,11,14,4.6,16.0,3.5
1,2012,24,crd,qb,19,7,6,4,5,0,1,2,1.3,0.7,0.6
,Year,Age,Tm,Pos,No.,G,GS,QBrec,Cmp,Att,Cmp%,Yds,TD,TD%,Int,Int%,1D,Lng,Y/A,AY/A,Y/C,Y/G,Rate,QBR,Sk,Yds,NY/A,ANY/A,Sk%,4QC,GWD,AV
0,2011,24,den,qb,15,14,11,7-4-0,126,271,46.5,1729,12,4.4,6,2.2,77,56,6.4,6.3,13.7,123.5,72.9,39.6,33,225,4.95,4.85,10.9,0,5,8
,Year,Age,Tm,Pos,No.,G,GS,QBrec,Att,Y/A+,NY/A+,AY/A+,ANY/A+,Cmp%+,TD%+,Int%+,Sack%+,Rate+
0,2011,24,den,qb,15,14,11,7-4-0,271,86,75,95,87,50,102,110,62,85
,Year,Age,Tm,Pos,No.,G,GS,Rush,Yds,TD,1D,Lng,Y/A,Y/G,A/G
0,2011,24,den,qb,15,14,11,122,660,6,38,32,5.4,47.1,8.7
,Year,Age,Tm,Pos,No.,G,GS,QBrec,Cmp,Att,Cmp%,Yds,TD,TD%,Int,Int%,1D,Lng,Y/A,AY/A,Y/C,Y/G,Rate,QBR,Sk,Yds,NY/A,ANY/A,Sk%,4QC,GWD,AV
0,2011,26,clt,qb,7,9,8,0-8-0,132,243,54.3,1541,6,2.5,9,3.7,71,87,6.3,5.2,11.7,171.2,66.6,30.4,16,104,5.55,4.45,6.2,0,0,2
,Year,Age,Tm,Pos,No.,G,GS,QBrec,Att,Y/A+,NY/A+,AY/A+,ANY/A+,Cmp%+,TD%+,Int%+,Sack%+,Rate+
0,2011,26,clt,qb,7,9,8,0-8-0,243,85,86,80,81,78,79,86,100,77
,Year,Age,Tm,Pos,No.,G,GS,Rush,Yds,TD,1D,Lng,Y/A,Y/G,A/G
0,2011,26,clt,qb,7,9,8,17,107,0,7,24,6.3,11.9,1.9
,Year,Age,Tm,Pos,No.,G,GS,QBrec,Cmp,Att,Cmp%,Yds,TD,TD%,Int,Int%,1D,Lng,Y/A,AY/A,Y/C,Y/G,Rate,QBR,Sk,Yds,NY/A,ANY/A,Sk%,4QC,GWD,AV
0,2011,28,clt,qb,6,8,5,2-3-0,122,193,63.2,1201,6,3.1,4,2.1,71,40,6.2,5.9,9.8,150.1,82.4,44.3,14,84,5.4,5.11,6.8,1,1,2
,Year,Age,Tm,Pos,No.,G,GS,QBrec,Att,Y/A+,NY/A+,AY/A+,ANY/A+,Cmp%+,TD%+,Int%+,Sack%+,Rate+
0,2011,28,clt,qb,6,8,5,2-3-0,193,82,83,90,90,109,87,112,96,97
,Year,Age,Tm,Pos,No.,G,GS,Rush,Yds,TD,1D,Lng,Y/A,Y/G,A/G
0,2011,28,clt,qb,6,8,5,6,5,0,1,7,0.8,0.6,0.8
,Year,Age,Tm,Pos,No.,G,GS,QBrec,Cmp,Att,Cmp%,Yds,TD,TD%,Int,Int%,1D,Lng,Y/A,AY/A,Y/C,Y/G,Rate,QBR,Sk,Yds,NY/A,ANY/A,Sk%,4QC,GWD,AV
0,2012,23,clt,qb,12,16,16,11-5-0,339,627,54.1,4374,23,3.7,18,2.9,208,70,7.0,6.4,12.9,273.4,76.5,65.6,41,246,6.18,5.66,6.1,4,0,13
1,2013,24,clt,qb,12,16,16,11-5-0,343,570,60.2,3822,23,4.0,9,1.6,189,73,6.7,6.8,11.1,238.9,87.0,63.7,32,227,5.97,6.06,5.3,3,3,15
2,2014,25,clt,qb,12,16,16,11-5-0,380,616,61.7,4761,40,6.5,16,2.6,235,80,7.7,7.9,12.5,297.6,96.5,62.6,27,161,7.15,7.28,4.2,1,1,16
3,2015,26,clt,qb,12,7,7,2-5-0,162,293,55.3,1881,15,5.1,12,4.1,92,87,6.4,5.6,11.6,268.7,74.9,49.4,15,88,5.82,5.04,4.9,1,2,4
4,2016,27,clt,qb,12,15,15,8-7-0,346,545,63.5,4240,31,5.7,13,2.4,206,64,7.8,7.8,12.3,282.7,96.4,65.9,41,268,6.78,6.84,7.0,4,4,16
5,2018,29,clt,qb,12,16,16,10-6-0,430,639,67.3,4593,39,6.1,15,2.3,260,68,7.2,7.4,10.7,287.1,98.7,69.4,18,134,6.79,6.95,2.7,3,3,15
,Year,Age,Tm,Pos,No.,G,GS,QBrec,Att,Y/A+,NY/A+,AY/A+,ANY/A+,Cmp%+,TD%+,Int%+,Sack%+,Rate+
0,2012,23,clt,qb,12,16,16,11-5-0,627,97,99,96,97,76,93,98,102,89
1,2013,24,clt,qb,12,16,16,11-5-0,570,90,94,100,101,95,96,118,109,100
2,2014,25,clt,qb,12,16,16,11-5-0,616,113,118,113,116,97,123,99,117,111
3,2015,26,clt,qb,12,7,7,2-5-0,293,81,87,79,82,69,108,69,109,79
4,2016,27,clt,qb,12,15,15,8-7-0,545,115,110,113,110,103,116,99,92,111
5,2018,29,clt,qb,12,16,16,10-6-0,639,100,109,104,111,114,117,100,129,111
,Year,Age,Tm,Pos,No.,G,GS,Rush,Yds,TD,1D,Lng,Y/A,Y/G,A/G
0,2012,23,clt,qb,12,16,16,62,255,5,24,19,4.1,15.9,3.9
1,2013,24,clt,qb,12,16,16,63,377,4,23,29,6.0,23.6,3.9
2,2014,25,clt,qb,12,16,16,64,273,3,20,20,4.3,17.1,4.0
3,2015,26,clt,qb,12,7,7,33,196,0,13,25,5.9,28.0,4.7
4,2016,27,clt,qb,12,15,15,64,341,2,20,33,5.3,22.7,4.3
5,2018,29,clt,qb,12,16,16,46,148,0,14,33,3.2,9.3,2.9
,Year,Age,Tm,Pos,No.,G,GS,QBrec,Cmp,Att,Cmp%,Yds,TD,TD%,Int,Int%,1D,Lng,Y/A,AY/A,Y/C,Y/G,Rate,QBR,Sk,Yds,NY/A,ANY/A,Sk%,4QC,GWD,AV
0,2012,29,cle,qb,3,15,15,5-10-0,297,517,57.4,3385,14,2.7,17,3.3,169,71,6.5,5.6,11.4,225.7,72.6,33.9,28,186,5.87,4.98,5.1,1,1,8
1,2013,30,cle,qb,3,8,5,0-5-0,141,267,52.8,1731,9,3.4,9,3.4,81,95,6.5,5.6,12.3,216.4,70.3,34.3,27,180,5.28,4.51,9.2,0,1,3
,Year,Age,Tm,Pos,No.,G,GS,QBrec,Att,Y/A+,NY/A+,AY/A+,ANY/A+,Cmp%+,TD%+,Int%+,Sack%+,Rate+
0,2012,29,cle,qb,3,15,15,5-10-0,517,88,93,86,89,88,82,91,110,84
1,2013,30,cle,qb,3,8,5,0-5-0,267,84,79,84,80,66,88,87,78,78
,Year,Age,Tm,Pos,No.,G,GS,Rush,Yds,TD,1D,Lng,Y/A,Y/G,A/G
0,2012,29,cle,qb,3,15,15,27,111,0,12,25,4.1,7.4,1.8
1,2013,30,cle,qb,3,8,5,12,44,0,2,11,3.7,5.5,1.5
,Year,Age,Tm,Pos,No.,G,GS,QBrec,Cmp,Att,Cmp%,Yds,TD,TD%,Int,Int%,1D,Lng,Y/A,AY/A,Y/C,Y/G,Rate,QBR,Sk,Yds,NY/A,ANY/A,Sk%,4QC,GWD,AV
0,2012,24,mia,qb,17,16,16,7-9-0,282,484,58.3,3294,12,2.5,13,2.7,151,80,6.8,6.1,11.7,205.9,76.1,48.4,35,234,5.9,5.23,6.7,1,1,10
1,2013,25,mia,qb,17,16,16,8-8-0,355,588,60.4,3913,24,4.1,17,2.9,204,67,6.7,6.2,11.0,244.6,81.7,49.3,58,399,5.44,5.0,9.0,4,3,10
2,2014,26,mia,qb,17,16,16,8-8-0,392,590,66.4,4045,27,4.6,12,2.0,225,50,6.9,6.9,10.3,252.8,92.8,59.3,46,337,5.83,5.83,7.2,2,1,14
3,2015,27,mia,qb,17,16,16,6-10-0,363,586,61.9,4208,24,4.1,12,2.0,195,54,7.2,7.1,11.6,263.0,88.7,46.3,45,420,6.0,5.91,7.1,2,2,11
4,2016,28,mia,qb,17,13,13,8-5-0,261,389,67.1,2995,19,4.9,12,3.1,134,74,7.7,7.3,11.5,230.4,93.5,49.4,29,216,6.65,6.27,6.9,3,3,10
5,2018,30,mia,qb,17,11,11,5-6-0,176,274,64.2,1979,17,6.2,9,3.3,92,75,7.2,7.0,11.2,179.9,92.7,31.0,35,279,5.5,5.29,11.3,3,3,6
6,2019,31,oti,qb,17,12,10,7-3-0,201,286,70.3,2742,22,7.7,6,2.1,126,91,9.6,10.2,13.6,228.5,117.5,67.2,31,212,7.98,8.52,9.8,2,3,11
,Year,Age,Tm,Pos,No.,G,GS,QBrec,Att,Y/A+,NY/A+,AY/A+,ANY/A+,Cmp%+,TD%+,Int%+,Sack%+,Rate+
0,2012,24,mia,qb,17,16,16,7-9-0,484,93,93,92,92,91,80,101,97,89
1,2013,25,mia,qb,17,16,16,8-8-0,588,89,82,91,87,95,96,95,79,93
2,2014,26,mia,qb,17,16,16,8-8-0,590,92,89,99,96,116,101,109,93,106
3,2015,27,mia,qb,17,16,16,6-10-0,586,99,91,101,96,96,96,106,92,99
4,2016,28,mia,qb,17,13,13,8-5-0,389,113,107,105,102,117,106,87,93,107
5,2018,30,mia,qb,17,11,11,5-6-0,274,100,85,99,89,103,118,85,64,103
6,2019,31,oti,qb,17,12,10,7-3-0,286,145,130,142,131,123,133,104,77,135
,Year,Age,Tm,Pos,No.,G,GS,Rush,Yds,TD,1D,Lng,Y/A,Y/G,A/G
0,2012,24,mia,qb,17,16,16,49,211,2,16,31,4.3,13.2,3.1
1,2013,25,mia,qb,17,16,16,40,238,1,12,48,6.0,14.9,2.5
2,2014,26,mia,qb,17,16,16,56,311,1,18,40,5.6,19.4,3.5
3,2015,27,mia,qb,17,16,16,32,141,1,8,28,4.4,8.8,2.0
4,2016,28,mia,qb,17,13,13,39,164,1,11,18,4.2,12.6,3.0
5,2018,30,mia,qb,17,11,11,32,145,0,9,20,4.5,13.2,2.9
6,2019,31,oti,qb,17,12,10,43,185,4,14,25,4.3,15.4,3.6
,Year,Age,Tm,Pos,No.,G,GS,QBrec,Cmp,Att,Cmp%,Yds,TD,TD%,Int,Int%,1D,Lng,Y/A,AY/A,Y/C,Y/G,Rate,QBR,Sk,Yds,NY/A,ANY/A,Sk%,4QC,GWD,AV
0,2012,22,was,qb,10,15,15,9-6-0,258,393,65.6,3200,20,5.1,5,1.3,151,88,8.1,8.6,12.4,213.3,102.4,69.4,30,217,7.05,7.47,7.1,3,2,18
1,2013,23,was,qb,10,13,13,3-10-0,274,456,60.1,3203,16,3.5,12,2.6,159,62,7.0,6.5,11.7,246.4,82.2,51.8,38,274,5.93,5.48,7.7,1,2,10
2,2014,24,was,qb,10,9,7,2-5-0,147,214,68.7,1694,4,1.9,6,2.8,70,69,7.9,7.0,11.5,188.2,86.9,28.3,33,227,5.94,5.17,13.4,0,1,5
3,2016,26,cle,qb,10,5,5,1-4-0,87,147,59.2,886,2,1.4,3,2.0,43,58,6.0,5.4,10.2,177.2,72.5,36.4,22,138,4.43,3.86,13.0,0,0,3
,Year,Age,Tm,Pos,No.,G,GS,QBrec,Att,Y/A+,NY/A+,AY/A+,ANY/A+,Cmp%+,TD%+,Int%+,Sack%+,Rate+
0,2012,22,was,qb,10,15,15,9-6-0,393,121,115,123,120,117,109,124,94,121
1,2013,23,was,qb,10,13,13,3-10-0,456,97,93,96,93,94,90,100,90,94
2,2014,24,was,qb,10,9,7,2-5-0,214,117,92,101,87,125,70,96,46,98
3,2016,26,cle,qb,10,5,5,1-4-0,147,74,59,78,67,86,64,106,42,77
,Year,Age,Tm,Pos,No.,G,GS,Rush,Yds,TD,1D,Lng,Y/A,Y/G,A/G
0,2012,22,was,qb,10,15,15,120,815,7,45,76,6.8,54.3,8.0
1,2013,23,was,qb,10,13,13,86,489,0,26,26,5.7,37.6,6.6
2,2014,24,was,qb,10,9,7,38,176,1,10,23,4.6,19.6,4.2
3,2016,26,cle,qb,10,5,5,31,190,2,10,20,6.1,38.0,6.2
,Year,Age,Tm,Pos,No.,G,GS,QBrec,Cmp,Att,Cmp%,Yds,TD,TD%,Int,Int%,1D,Lng,Y/A,AY/A,Y/C,Y/G,Rate,QBR,Sk,Yds,NY/A,ANY/A,Sk%,4QC,GWD,AV
0,2012,24,sea,qb,3,16,16,11-5-0,252,393,64.1,3118,26,6.6,10,2.5,153,67,7.9,8.1,12.4,194.9,100.0,72.7,33,203,6.84,7.01,7.7,3,4,16
1,2013,25,sea,qb,3,16,16,13-3-0,257,407,63.1,3357,26,6.4,9,2.2,157,80,8.2,8.5,13.1,209.8,101.2,66.8,44,272,6.84,7.1,9.8,3,4,16
2,2014,26,sea,qb,3,16,16,12-4-0,285,452,63.1,3475,20,4.4,7,1.5,161,80,7.7,7.9,12.2,217.2,95.0,71.5,42,242,6.54,6.72,8.5,1,4,19
3,2015,27,sea,qb,3,16,16,10-6-0,329,483,68.1,4024,34,7.0,8,1.7,190,80,8.3,9.0,12.2,251.5,110.1,67.3,45,265,7.12,7.73,8.5,2,2,19
4,2016,28,sea,qb,3,16,16,10-5-1,353,546,64.7,4219,21,3.8,11,2.0,193,59,7.7,7.6,12.0,263.7,92.6,56.8,41,293,6.69,6.56,7.0,4,3,14
5,2017,29,sea,qb,3,16,16,9-7-0,339,553,61.3,3983,34,6.1,11,2.0,189,74,7.2,7.5,11.7,248.9,95.4,61.7,43,322,6.14,6.45,7.2,2,2,16
6,2018,30,sea,qb,3,16,16,10-6-0,280,427,65.6,3448,35,8.2,7,1.6,162,66,8.1,9.0,12.3,215.5,110.9,62.8,51,355,6.47,7.28,10.7,2,4,14
7,2019,31,sea,qb,3,16,16,11-5-0,341,516,66.1,4110,31,6.0,5,1.0,190,60,8.0,8.7,12.1,256.9,106.3,71.2,48,319,6.72,7.42,8.5,0,0,15
,Year,Age,Tm,Pos,No.,G,GS,QBrec,Att,Y/A+,NY/A+,AY/A+,ANY/A+,Cmp%+,TD%+,Int%+,Sack%+,Rate+
0,2012,24,sea,qb,3,16,16,11-5-0,393,116,111,117,114,112,125,104,89,118
1,2013,25,sea,qb,3,16,16,13-3-0,407,127,112,124,115,106,123,107,73,119
2,2014,26,sea,qb,3,16,16,12-4-0,452,112,105,113,109,103,99,117,84,109
3,2015,27,sea,qb,3,16,16,10-6-0,483,127,117,130,123,121,132,113,81,131
4,2016,28,sea,qb,3,16,16,10-5-1,546,113,108,109,106,108,94,106,93,105
5,2017,29,sea,qb,3,16,16,9-7-0,553,100,97,107,104,93,119,106,93,108
6,2018,30,sea,qb,3,16,16,10-6-0,427,117,103,126,115,108,140,112,69,128
7,2019,31,sea,qb,3,16,16,11-5-0,516,113,107,122,116,107,115,122,87,120
,Year,Age,Tm,Pos,No.,G,GS,Rush,Yds,TD,1D,Lng,Y/A,Y/G,A/G
0,2012,24,sea,qb,3,16,16,94,489,4,29,25,5.2,30.6,5.9
1,2013,25,sea,qb,3,16,16,96,539,1,31,27,5.6,33.7,6.0
2,2014,26,sea,qb,3,16,16,118,849,6,47,55,7.2,53.1,7.4
3,2015,27,sea,qb,3,16,16,103,553,1,31,24,5.4,34.6,6.4
4,2016,28,sea,qb,3,16,16,72,259,1,18,18,3.6,16.2,4.5
5,2017,29,sea,qb,3,16,16,95,586,3,36,31,6.2,36.6,5.9
6,2018,30,sea,qb,3,16,16,67,376,0,25,40,5.6,23.5,4.2
7,2019,31,sea,qb,3,16,16,75,342,3,17,21,4.6,21.4,4.7
,Year,Age,Tm,Pos,No.,G,GS,QBrec,Cmp,Att,Cmp%,Yds,TD,TD%,Int,Int%,1D,Lng,Y/A,AY/A,Y/C,Y/G,Rate,QBR,Sk,Yds,NY/A,ANY/A,Sk%,4QC,GWD,AV
0,2012,24,oti,qb,10,11,11,4-7-0,177,314,56.4,2176,10,3.2,11,3.5,94,71,6.9,6.0,12.3,197.8,74.0,42.0,25,151,5.97,5.1,7.4,0,1,6
1,2013,25,oti,qb,10,7,7,4-3-0,111,183,60.7,1256,8,4.4,4,2.2,58,66,6.9,6.8,11.3,179.4,86.7,58.7,16,105,5.78,5.68,8.0,1,2,5
2,2014,26,oti,qb,10,7,5,1-4-0,86,146,58.9,993,5,3.4,7,4.8,47,61,6.8,5.3,11.5,141.9,70.9,43.8,14,85,5.68,4.33,8.8,0,0,3
,Year,Age,Tm,Pos,No.,G,GS,QBrec,Att,Y/A+,NY/A+,AY/A+,ANY/A+,Cmp%+,TD%+,Int%+,Sack%+,Rate+
0,2012,24,oti,qb,10,11,11,4-7-0,314,96,95,90,90,85,88,88,92,86
1,2013,25,oti,qb,10,7,7,4-3-0,183,94,90,99,96,96,100,108,87,100
2,2014,26,oti,qb,10,7,5,1-4-0,146,91,86,77,76,86,88,62,82,76
,Year,Age,Tm,Pos,No.,G,GS,Rush,Yds,TD,1D,Lng,Y/A,Y/G,A/G
0,2012,24,oti,qb,10,11,11,41,291,1,14,32,7.1,26.5,3.7
1,2013,25,oti,qb,10,7,7,24,155,2,10,39,6.5,22.1,3.4
2,2014,26,oti,qb,10,7,5,22,142,1,11,29,6.5,20.3,3.1
,Year,Age,Tm,Pos,No.,G,GS,QBrec,Cmp,Att,Cmp%,Yds,TD,TD%,Int,Int%,1D,Lng,Y/A,AY/A,Y/C,Y/G,Rate,QBR,Sk,Yds,NY/A,ANY/A,Sk%,4QC,GWD,AV
0,2012,23,phi,qb,9,7,6,1-5-0,161,265,60.8,1699,6,2.3,5,1.9,78,46,6.4,6.0,10.6,242.7,79.1,51.2,20,131,5.5,5.13,7.0,1,1,4
1,2013,24,phi,qb,9,13,10,8-2-0,203,317,64.0,2891,27,8.5,2,0.6,130,63,9.1,10.5,14.2,222.4,119.2,71.5,28,173,7.88,9.18,8.1,1,1,11
2,2014,25,phi,qb,9,8,8,6-2-0,186,311,59.8,2163,13,4.2,10,3.2,101,68,7.0,6.3,11.6,270.4,81.4,64.1,9,74,6.53,5.93,2.8,2,3,5
3,2015,26,ram,qb,5,11,11,4-7-0,190,337,56.4,2052,7,2.1,10,3.0,85,68,6.1,5.2,10.8,186.5,69.0,28.1,14,98,5.57,4.68,4.0,1,1,3
4,2018,29,phi,qb,9,5,5,4-1-0,141,195,72.3,1413,7,3.6,4,2.1,87,83,7.2,7.0,10.0,282.6,96.0,67.4,9,47,6.7,6.5,4.4,2,2,4
,Year,Age,Tm,Pos,No.,G,GS,QBrec,Att,Y/A+,NY/A+,AY/A+,ANY/A+,Cmp%+,TD%+,Int%+,Sack%+,Rate+
0,2012,23,phi,qb,9,7,6,1-5-0,265,85,86,91,90,100,77,114,95,92
1,2013,24,phi,qb,9,13,10,8-2-0,317,147,135,151,143,109,147,135,86,142
2,2014,25,phi,qb,9,8,8,6-2-0,311,94,104,92,98,90,96,89,127,91
3,2015,26,ram,qb,5,11,11,4-7-0,337,73,81,72,77,74,71,89,116,70
4,2018,29,phi,qb,9,5,5,4-1-0,195,101,108,100,105,133,90,105,117,108
,Year,Age,Tm,Pos,No.,G,GS,Rush,Yds,TD,1D,Lng,Y/A,Y/G,A/G
0,2012,23,phi,qb,9,7,6,11,42,1,6,14,3.8,6.0,1.6
1,2013,24,phi,qb,9,13,10,57,221,3,16,21,3.9,17.0,4.4
2,2014,25,phi,qb,9,8,8,16,68,0,6,14,4.3,8.5,2.0
3,2015,26,ram,qb,5,11,11,17,20,1,4,10,1.2,1.8,1.5
4,2018,29,phi,qb,9,5,5,9,17,0,7,4,1.9,3.4,1.8
,Year,Age,Tm,Pos,No.,G,GS,QBrec,Cmp,Att,Cmp%,Yds,TD,TD%,Int,Int%,1D,Lng,Y/A,AY/A,Y/C,Y/G,Rate,QBR,Sk,Yds,NY/A,ANY/A,Sk%,4QC,GWD,AV
0,2012,25,sfo,qb,7,13,7,5-2-0,136,218,62.4,1814,10,4.6,3,1.4,86,57,8.3,8.6,13.3,139.5,98.3,71.8,16,112,7.27,7.55,6.8,1,1,9
1,2013,26,sfo,qb,7,16,16,12-4-0,243,416,58.4,3197,21,5.0,8,1.9,148,64,7.7,7.8,13.2,199.8,91.6,65.7,39,231,6.52,6.65,8.6,2,3,15
2,2014,27,sfo,qb,7,16,16,8-8-0,289,478,60.5,3369,19,4.0,10,2.1,164,80,7.0,6.9,11.7,210.6,86.4,60.9,52,344,5.71,5.58,9.8,3,2,12
3,2015,28,sfo,qb,7,9,8,2-6-0,144,244,59.0,1615,6,2.5,5,2.0,73,76,6.6,6.2,11.2,179.4,78.5,43.4,28,166,5.33,4.94,10.3,0,0,4
4,2016,29,sfo,qb,7,12,11,1-10-0,196,331,59.2,2241,16,4.8,4,1.2,101,65,6.8,7.2,11.4,186.8,90.7,49.5,36,207,5.54,5.92,9.8,1,1,9
,Year,Age,Tm,Pos,No.,G,GS,QBrec,Att,Y/A+,NY/A+,AY/A+,ANY/A+,Cmp%+,TD%+,Int%+,Sack%+,Rate+
0,2012,25,sfo,qb,7,13,7,5-2-0,218,124,119,124,121,106,103,122,96,116
1,2013,26,sfo,qb,7,16,16,12-4-0,416,113,105,114,109,88,107,112,83,106
2,2014,27,sfo,qb,7,16,16,8-8-0,478,97,87,99,93,93,94,108,74,97
3,2015,28,sfo,qb,7,9,8,2-6-0,244,86,76,87,81,84,76,106,66,84
4,2016,29,sfo,qb,7,12,11,1-10-0,331,91,83,103,97,86,105,120,69,103
,Year,Age,Tm,Pos,No.,G,GS,Rush,Yds,TD,1D,Lng,Y/A,Y/G,A/G
0,2012,25,sfo,qb,7,13,7,63,415,5,20,50,6.6,31.9,4.8
1,2013,26,sfo,qb,7,16,16,92,524,4,28,28,5.7,32.8,5.8
2,2014,27,sfo,qb,7,16,16,104,639,1,28,90,6.1,39.9,6.5
3,2015,28,sfo,qb,7,9,8,45,256,1,15,15,5.7,28.4,5.0
4,2016,29,sfo,qb,7,12,11,69,468,2,29,30,6.8,39.0,5.8
,Year,Age,Tm,Pos,No.,G,GS,QBrec,Cmp,Att,Cmp%,Yds,TD,TD%,Int,Int%,1D,Lng,Y/A,AY/A,Y/C,Y/G,Rate,QBR,Sk,Yds,NY/A,ANY/A,Sk%,4QC,GWD,AV
0,2012,28,kan,qb,9,10,8,1-7-0,112,197,56.9,1141,2,1.0,8,4.1,49,57,5.8,4.2,10.2,114.1,60.1,26.0,21,123,4.67,3.2,9.6,0,0,1
,Year,Age,Tm,Pos,No.,G,GS,QBrec,Att,Y/A+,NY/A+,AY/A+,ANY/A+,Cmp%+,TD%+,Int%+,Sack%+,Rate+
0,2012,28,kan,qb,9,10,8,1-7-0,197,73,70,67,66,86,64,79,74,69
,Year,Age,Tm,Pos,No.,G,GS,Rush,Yds,TD,1D,Lng,Y/A,Y/G,A/G
0,2012,28,kan,qb,9,10,8,19,66,0,2,12,3.5,6.6,1.9
,Year,Age,Tm,Pos,No.,G,GS,QBrec,Cmp,Att,Cmp%,Yds,TD,TD%,Int,Int%,1D,Lng,Y/A,AY/A,Y/C,Y/G,Rate,QBR,Sk,Yds,NY/A,ANY/A,Sk%,4QC,GWD,AV
0,2013,23,nyj,qb,7,16,16,8-8-0,247,443,55.8,3046,12,2.7,21,4.7,148,69,6.9,5.3,12.3,190.4,66.5,42.0,43,315,5.62,4.17,8.8,2,0,7
1,2014,24,nyj,qb,7,14,13,3-10-0,219,367,59.7,2525,13,3.5,13,3.5,119,74,6.9,6.0,11.5,180.4,77.5,45.9,28,175,5.95,5.13,7.1,1,2,7
,Year,Age,Tm,Pos,No.,G,GS,QBrec,Att,Y/A+,NY/A+,AY/A+,ANY/A+,Cmp%+,TD%+,Int%+,Sack%+,Rate+
0,2013,23,nyj,qb,7,16,16,8-8-0,443,94,86,79,76,78,81,63,80,73
1,2014,24,nyj,qb,7,14,13,3-10-0,367,93,92,87,87,89,89,83,94,85
,Year,Age,Tm,Pos,No.,G,GS,Rush,Yds,TD,1D,Lng,Y/A,Y/G,A/G
0,2013,23,nyj,qb,7,16,16,72,366,6,24,32,5.1,22.9,4.5
1,2014,24,nyj,qb,7,14,13,59,238,1,18,18,4.0,17.0,4.2
,Year,Age,Tm,Pos,No.,G,GS,QBrec,Cmp,Att,Cmp%,Yds,TD,TD%,Int,Int%,1D,Lng,Y/A,AY/A,Y/C,Y/G,Rate,QBR,Sk,Yds,NY/A,ANY/A,Sk%,4QC,GWD,AV
0,2013,24,tam,qb,8,13,13,4-9-0,247,416,59.4,2608,19,4.6,9,2.2,128,85,6.3,6.2,10.6,200.6,83.9,53.1,40,314,5.03,4.98,8.8,2,2,7
1,2014,25,tam,qb,8,6,5,1-4-0,117,203,57.6,1417,10,4.9,6,3.0,64,41,7.0,6.6,12.1,236.2,83.3,51.5,16,91,6.05,5.74,7.3,1,1,4
,Year,Age,Tm,Pos,No.,G,GS,QBrec,Att,Y/A+,NY/A+,AY/A+,ANY/A+,Cmp%+,TD%+,Int%+,Sack%+,Rate+
0,2013,24,tam,qb,8,13,13,4-9-0,416,79,74,91,87,91,102,108,81,96
1,2014,25,tam,qb,8,6,5,1-4-0,203,95,94,96,95,81,105,93,93,93
,Year,Age,Tm,Pos,No.,G,GS,Rush,Yds,TD,1D,Lng,Y/A,Y/G,A/G
0,2013,24,tam,qb,8,13,13,27,37,0,4,16,1.4,2.8,2.1
1,2014,25,tam,qb,8,6,5,10,49,0,3,19,4.9,8.2,1.7
,Year,Age,Tm,Pos,No.,G,GS,QBrec,Cmp,Att,Cmp%,Yds,TD,TD%,Int,Int%,1D,Lng,Y/A,AY/A,Y/C,Y/G,Rate,QBR,Sk,Yds,NY/A,ANY/A,Sk%,4QC,GWD,AV
0,2013,23,buf,qb,3,10,10,4-6-0,180,306,58.8,1972,11,3.6,9,2.9,89,45,6.4,5.8,11.0,197.2,77.7,39.5,28,159,5.43,4.87,8.4,1,2,5
,Year,Age,Tm,Pos,No.,G,GS,QBrec,Att,Y/A+,NY/A+,AY/A+,ANY/A+,Cmp%+,TD%+,Int%+,Sack%+,Rate+
0,2013,23,buf,qb,3,10,10,4-6-0,306,84,82,86,85,89,91,95,84,88
,Year,Age,Tm,Pos,No.,G,GS,Rush,Yds,TD,1D,Lng,Y/A,Y/G,A/G
0,2013,23,buf,qb,3,10,10,53,186,2,18,19,3.5,18.6,5.3
,Year,Age,Tm,Pos,No.,G,GS,QBrec,Cmp,Att,Cmp%,Yds,TD,TD%,Int,Int%,1D,Lng,Y/A,AY/A,Y/C,Y/G,Rate,QBR,Sk,Yds,NY/A,ANY/A,Sk%,4QC,GWD,AV
0,2013,24,rai,qb,2,11,9,3-6-0,156,272,57.4,1798,7,2.6,11,4.0,86,73,6.6,5.3,11.5,163.5,69.1,57.1,31,203,5.26,4.09,10.2,0,0,6
,Year,Age,Tm,Pos,No.,G,GS,QBrec,Att,Y/A+,NY/A+,AY/A+,ANY/A+,Cmp%+,TD%+,Int%+,Sack%+,Rate+
0,2013,24,rai,qb,2,11,9,3-6-0,272,88,79,79,75,84,79,75,70,77
,Year,Age,Tm,Pos,No.,G,GS,QBrec,Cmp,Att,Cmp%,Yds,TD,TD%,Int,Int%,1D,Lng,Y/A,AY/A,Y/C,Y/G,Rate,QBR,Sk,Yds,NY/A,ANY/A,Sk%,4QC,GWD,AV
0,2013,25,htx,qb,7,8,8,0-8-0,137,253,54.2,1760,9,3.6,6,2.4,76,66,7.0,6.6,12.8,220.0,78.2,48.3,19,201,5.73,5.4,7.0,0,0,4
1,2015,27,ram,qb,17,6,5,3-2-0,76,125,60.8,828,4,3.2,1,0.8,42,60,6.6,6.9,10.9,138.0,87.7,39.4,4,28,6.2,6.47,3.1,0,0,2
2,2016,28,ram,qb,17,10,9,4-5-0,196,322,60.9,2201,9,2.8,11,3.4,103,65,6.8,5.9,11.2,220.1,76.4,37.1,23,140,5.97,5.06,6.7,1,2,3
3,2017,29,min,qb,7,15,14,11-3-0,325,481,67.6,3547,22,4.6,7,1.5,180,65,7.4,7.6,10.9,236.5,98.3,74.3,22,136,6.78,7.03,4.4,1,3,14
4,2018,30,den,qb,4,16,16,6-10-0,365,586,62.3,3890,18,3.1,15,2.6,179,64,6.6,6.1,10.7,243.1,81.2,45.5,34,235,5.9,5.39,5.5,3,4,9
,Year,Age,Tm,Pos,No.,G,GS,QBrec,Att,Y/A+,NY/A+,AY/A+,ANY/A+,Cmp%+,TD%+,Int%+,Sack%+,Rate+
0,2013,25,htx,qb,7,8,8,0-8-0,253,96,89,97,92,72,91,105,95,89
1,2015,27,ram,qb,17,6,5,3-2-0,125,86,96,98,104,92,85,129,123,97
2,2016,28,ram,qb,17,10,9,4-5-0,322,93,93,84,85,93,81,81,95,82
3,2017,29,min,qb,7,15,14,11-3-0,481,104,109,108,112,115,102,115,114,111
4,2018,30,den,qb,4,16,16,6-10-0,586,89,93,87,90,95,85,97,109,88
,Year,Age,Tm,Pos,No.,G,GS,Rush,Yds,TD,1D,Lng,Y/A,Y/G,A/G
0,2013,25,htx,qb,7,8,8,14,72,1,6,22,5.1,9.0,1.8
1,2015,27,ram,qb,17,6,5,12,5,0,2,4,0.4,0.8,2.0
2,2016,28,ram,qb,17,10,9,20,51,1,8,13,2.6,5.1,2.0
3,2017,29,min,qb,7,15,14,40,160,1,13,22,4.0,10.7,2.7
4,2018,30,den,qb,4,16,16,26,93,2,11,17,3.6,5.8,1.6
5,2019,31,was,qb,8,10,8,9,12,1,2,9,1.3,1.2,0.9
,Year,Age,Tm,Pos,No.,G,GS,QBrec,Cmp,Att,Cmp%,Yds,TD,TD%,Int,Int%,1D,Lng,Y/A,AY/A,Y/C,Y/G,Rate,QBR,Sk,Yds,NY/A,ANY/A,Sk%,4QC,GWD,AV
0,2013,30,ram,qb,10,10,9,4-5-0,142,242,58.7,1673,8,3.3,7,2.9,81,81,6.9,6.3,11.8,167.3,78.8,39.4,21,138,5.84,5.25,8.0,0,0,6
,Year,Age,Tm,Pos,No.,G,GS,QBrec,Att,Y/A+,NY/A+,AY/A+,ANY/A+,Cmp%+,TD%+,Int%+,Sack%+,Rate+
0,2013,30,ram,qb,10,10,9,4-5-0,242,95,91,92,90,89,88,95,87,89
,Year,Age,Tm,Pos,No.,G,GS,Rush,Yds,TD,1D,Lng,Y/A,Y/G,A/G
0,2013,30,ram,qb,10,10,9,23,64,0,5,16,2.8,6.4,2.3
,Year,Age,Tm,Pos,No.,G,GS,QBrec,Cmp,Att,Cmp%,Yds,TD,TD%,Int,Int%,1D,Lng,Y/A,AY/A,Y/C,Y/G,Rate,QBR,Sk,Yds,NY/A,ANY/A,Sk%,4QC,GWD,AV
0,2013,34,chi,qb,12,8,5,3-2-0,149,224,66.5,1829,13,5.8,1,0.4,94,80,8.2,9.1,12.3,228.6,109.0,83.4,11,37,7.63,8.54,4.7,1,1,8
1,2014,35,tam,qb,12,11,11,1-10-0,184,327,56.3,2206,11,3.4,14,4.3,100,56,6.7,5.5,12.0,200.5,70.5,38.0,36,235,5.43,4.3,9.9,0,0,4
2,2015,36,cle,qb,13,8,8,1-7-0,186,292,63.7,2109,12,4.1,4,1.4,96,56,7.2,7.4,11.3,263.6,93.3,50.3,23,137,6.26,6.45,7.3,1,1,5
3,2017,38,nyj,qb,15,13,13,5-8-0,267,397,67.3,2926,18,4.5,9,2.3,137,69,7.4,7.3,11.0,225.1,94.5,60.0,39,264,6.11,6.0,8.9,1,2,9
,Year,Age,Tm,Pos,No.,G,GS,QBrec,Att,Y/A+,NY/A+,AY/A+,ANY/A+,Cmp%+,TD%+,Int%+,Sack%+,Rate+
0,2013,34,chi,qb,12,8,5,3-2-0,224,125,129,132,134,119,116,138,114,129
1,2014,35,tam,qb,12,11,11,1-10-0,327,89,81,80,76,76,87,71,73,76
2,2015,36,cle,qb,13,8,8,1-7-0,292,100,97,106,104,103,96,119,90,106
3,2017,38,nyj,qb,15,13,13,5-8-0,397,104,96,103,98,114,101,101,80,106
,Year,Age,Tm,Pos,No.,G,GS,Rush,Yds,TD,1D,Lng,Y/A,Y/G,A/G
0,2013,34,chi,qb,12,8,5,13,69,1,5,20,5.3,8.6,1.6
1,2014,35,tam,qb,12,11,11,25,127,3,12,16,5.1,11.5,2.3
2,2015,36,cle,qb,13,8,8,20,98,1,10,13,4.9,12.3,2.5
3,2017,38,nyj,qb,15,13,13,37,124,5,14,22,3.4,9.5,2.8
,Year,Age,Tm,Pos,No.,G,GS,QBrec,Cmp,Att,Cmp%,Yds,TD,TD%,Int,Int%,1D,Lng,Y/A,AY/A,Y/C,Y/G,Rate,QBR,Sk,Yds,NY/A,ANY/A,Sk%,4QC,GWD,AV
0,2013,24,rai,qb,14,7,6,1-5-0,118,211,55.9,1547,8,3.8,8,3.8,70,52,7.3,6.4,13.1,221.0,76.1,50.2,6,53,6.88,5.96,2.8,0,0,4
,Year,Age,Tm,Pos,No.,G,GS,QBrec,Att,Y/A+,NY/A+,AY/A+,ANY/A+,Cmp%+,TD%+,Int%+,Sack%+,Rate+
0,2013,24,rai,qb,14,7,6,1-5-0,211,105,113,94,100,78,93,80,129,86
,Year,Age,Tm,Pos,No.,G,GS,Rush,Yds,TD,1D,Lng,Y/A,Y/G,A/G
0,2013,24,rai,qb,14,7,6,11,27,0,2,20,2.5,3.9,1.6
